"日付","始値","高値","安値","終値","前日比","出来高","売買代金","貸株残高","融資残高","貸借倍率","逆日歩","特別空売り料","5DMA","25DMA","75DMA","100DMA","200DMA","5DVMA","25DVMA","75DVMA"
"2019/07/12","874.0","874.0","862.0","862.0","-12.0","900","780","-","-","-","-","-","869.40","874.00","884.63","888.94","900.33","640","1,444","1,841"
"2024/03/22","831.0","834.0","829.0","831.0","+1.0","3,100","2,577","0","1,000","0.00","-","1.80","823.40","812.80","787.83","776.31","770.48","2,560","3,104","2,166"
"2024/03/21","820.0","830.0","819.0","830.0","+10.0","2,500","2,054","0","1,000","0.00","-","1.40","821.20","811.84","786.68","775.39","770.10","2,320","3,068","2,133"
"2024/03/19","821.0","821.0","811.0","820.0","+8.0","700","572","0","1,000","0.00","-","1.40","816.20","810.84","785.57","774.58","769.66","2,040","3,020","2,113"
"2024/03/18","825.0","826.0","812.0","812.0","-12.0","4,400","3,601","0","1,000","0.00","-","1.40","812.40","810.40","784.56","773.98","769.31","2,120","3,096","2,117"
"2024/03/15","820.0","824.0","820.0","824.0","+4.0","2,100","1,729","0","1,000","0.00","-","1.40","810.20","809.92","783.60","773.46","769.00","2,140","3,072","2,076"
"2024/03/14","808.0","820.0","807.0","820.0","+15.0","1,900","1,544","0","1,000","0.00","-","1.40","806.20","809.36","782.47","772.84","768.58","2,160","3,032","2,052"
"2024/03/13","807.0","807.0","805.0","805.0","+4.0","1,100","886","0","1,000","0.00","-","1.40","803.60","809.56","781.39","772.25","768.19","2,120","2,976","2,033"
"2024/03/12","796.0","806.0","796.0","801.0","0.0","1,100","878","0","1,400","0.00","-","1.40","804.80","810.16","780.40","771.83","767.91","1,960","3,008","2,030"
"2024/03/11","804.0","804.0","792.0","801.0","-3.0","4,500","3,586","0","1,000","0.00","-","1.40","805.20","810.84","779.48","771.46","767.66","2,180","2,976","2,020"
"2024/03/08","803.0","808.0","803.0","804.0","-3.0","2,200","1,769","0","1,000","0.00","-","1.40","808.00","811.80","778.65","771.16","767.38","1,700","2,820","1,978"
"2024/03/07","810.0","810.0","807.0","807.0","-4.0","1,700","1,374","0","1,000","0.00","-","1.80","809.80","812.44","777.61","770.71","767.10","1,400","2,812","2,226"
"2024/03/06","811.0","811.0","811.0","811.0","+8.0","300","243","0","1,000","0.00","-","1.80","809.00","812.72","777.37","770.23","766.84","1,440","2,852","2,373"
"2024/03/05","815.0","815.0","801.0","803.0","-12.0","2,200","1,775","0","1,000","0.00","-","1.80","807.00","812.80","776.48","769.60","766.56","1,980","3,136","2,388"
"2024/03/04","827.0","827.0","815.0","815.0","+2.0","2,100","1,723","0","1,000","0.00","-","1.80","808.00","811.68","775.76","769.07","766.35","2,180","3,084","2,361"
"2024/03/01","808.0","818.0","808.0","813.0","+10.0","700","569","0","1,000","0.00","-","1.80","808.80","810.08","774.85","768.43","766.15","2,920","3,012","2,333"
"2024/02/29","801.0","810.0","801.0","803.0","+2.0","1,900","1,531","0","1,000","0.00","-","2.50","811.80","808.52","773.97","768.02","765.93","3,220","3,000","2,329"
"2024/02/28","807.0","810.0","800.0","801.0","-7.0","3,000","2,410","0","1,000","0.00","-","2.60","815.00","807.36","773.15","767.59","765.79","3,620","2,964","2,306"
"2024/02/27","820.0","821.0","801.0","808.0","-11.0","3,200","2,582","0","1,000","0.00","-","1.60","821.40","806.52","772.43","767.27","765.63","5,860","2,920","2,272"
"2024/02/26","827.0","828.0","810.0","819.0","-9.0","5,800","4,737","0","1,000","0.00","-","1.60","819.40","805.04","771.57","766.86","765.39","6,320","2,804","2,233"
"2024/02/22","819.0","833.0","817.0","828.0","+9.0","2,200","1,813","0","1,000","0.00","-","1.60","815.60","803.08","770.44","766.34","765.08","5,860","2,584","2,158"
"2024/02/21","834.0","834.0","808.0","819.0","-14.0","3,900","3,196","0","1,000","0.00","-","1.60","812.80","800.76","769.32","765.74","764.72","6,180","2,528","2,136"
"2024/02/20","843.0","843.0","823.0","833.0","+35.0","14,200","11,895","0","1,000","0.00","-","1.60","810.40","799.00","768.24","765.24","764.40","5,840","2,392","2,084"
"2024/02/19","794.0","805.0","794.0","798.0","-2.0","5,500","4,371","0","1,000","0.00","-","1.60","804.80","796.88","766.97","764.73","764.02","3,260","1,852","1,898"
"2024/02/16","824.0","824.0","791.0","800.0","-14.0","3,500","2,826","0","1,000","0.00","-","1.60","807.00","795.80","766.13","764.46","763.81","2,680","1,760","1,832"
"2024/02/15","808.0","820.0","808.0","814.0","+7.0","3,800","3,100","0","1,000","0.00","-","1.60","807.00","794.36","765.25","764.26","763.70","2,740","1,716","1,794"
"2024/02/14","804.0","807.0","798.0","807.0","+2.0","2,200","1,765","0","1,000","0.00","-","1.60","806.20","792.68","764.15","763.82","763.51","2,200","1,684","1,754"
"2024/02/13","809.0","809.0","800.0","805.0","-4.0","1,300","1,044","0","1,000","0.00","-","1.60","809.80","791.32","763.24","763.40","763.24","1,860","1,712","1,761"
"2024/02/09","800.0","809.0","792.0","809.0","+9.0","2,600","2,088","0","1,000","0.00","-","1.60","812.80","789.52","762.49","762.86","762.97","1,980","1,696","1,777"
"2024/02/08","811.0","821.0","797.0","800.0","-10.0","3,800","3,057","0","1,000","0.00","-","1.60","814.60","787.80","761.84","762.22","762.66","1,520","1,644","1,756"
"2024/02/07","829.0","829.0","810.0","810.0","-15.0","1,100","899","0","1,500","0.00","-","1.60","819.60","786.04","761.31","761.72","762.47","880","1,512","1,714"
"2024/02/06","827.0","827.0","821.0","825.0","+5.0","500","413","0","1,000","0.00","-","1.60","821.60","783.80","760.67","761.13","762.30","1,060","1,556","1,702"
"2024/02/05","818.0","829.0","809.0","820.0","+2.0","1,900","1,554","0","1,000","0.00","-","1.60","819.40","781.52","759.81","760.47","761.97","1,500","1,832","1,704"
"2024/02/02","827.0","827.0","818.0","818.0","-7.0","300","247","0","0","0.00","-","1.60","818.00","780.20","759.05","759.90","761.67","2,600","1,844","1,686"
"2024/02/01","820.0","825.0","806.0","825.0","+5.0","600","490","0","0","0.00","-","1.60","809.40","777.96","758.33","759.42","761.35","2,720","1,840","1,685"
"2024/01/31","820.0","826.0","820.0","820.0","+6.0","2,000","1,642","0","0","0.00","-","1.60","799.40","775.36","757.61","758.61","761.01","2,660","1,824","1,680"
"2024/01/30","812.0","815.0","810.0","814.0","+1.0","2,700","2,196","0","0","0.00","-","1.60","790.20","773.20","756.80","757.84","760.66","2,340","1,760","1,653"
"2024/01/29","777.0","815.0","777.0","813.0","+38.0","7,400","5,927","0","0","0.00","-","1.50","782.20","771.48","756.07","757.08","760.48","2,000","1,688","1,626"
"2024/01/26","773.0","775.0","773.0","775.0","0.0","900","696","0","500","0.00","-","1.50","775.60","769.36","755.20","756.30","760.12","900","1,404","1,541"
"2024/01/25","774.0","775.0","774.0","775.0","+1.0","300","232","0","0","0.00","-","1.50","774.80","768.36","754.87","755.89","760.14","780","1,404","1,542"
"2024/01/24","775.0","775.0","774.0","774.0","0.0","400","310","0","0","0.00","-","1.50","773.80","767.44","754.55","755.45","760.17","780","1,596","1,561"
"2024/01/23","780.0","780.0","774.0","774.0","-6.0","1,000","776","0","0","0.00","-","1.60","773.00","767.48","754.52","754.91","760.05","860","1,876","1,578"
"2024/01/22","772.0","780.0","772.0","780.0","+9.0","1,900","1,476","0","0","0.00","-","1.50","773.20","767.28","754.33","754.47","759.93","760","1,964","1,581"
"2024/01/19","770.0","774.0","770.0","771.0","+1.0","300","232","0","0","0.00","-","1.50","773.20","766.40","754.19","753.93","759.78","520","1,944","1,560"
"2024/01/18","770.0","770.0","770.0","770.0","0.0","300","231","0","0","0.00","-","1.50","773.20","765.52","754.13","753.61","759.65","1,100","1,952","1,560"
"2024/01/17","776.0","782.0","766.0","770.0","-5.0","800","618","0","0","0.00","-","1.50","772.00","764.52","754.09","753.30","759.52","1,520","1,988","1,570"
"2024/01/16","784.0","784.0","775.0","775.0","-5.0","500","388","0","0","0.00","-","1.60","772.40","763.68","754.07","753.00","759.37","1,960","1,964","1,566"
"2024/01/15","772.0","780.0","772.0","780.0","+9.0","700","545","0","0","0.00","-","1.50","772.00","762.68","753.99","752.75","759.17","2,440","1,952","1,649"
"2024/01/12","763.0","771.0","762.0","771.0","+7.0","3,200","2,452","0","0","0.00","-","1.50","768.00","761.36","754.01","752.69","758.95","2,480","1,940","1,662"
"2024/01/11","772.0","772.0","763.0","764.0","-8.0","2,400","1,836","0","0","0.00","-","1.50","767.00","760.44","754.01","752.70","758.74","2,100","1,896","1,650"
"2024/01/10","772.0","772.0","765.0","772.0","-1.0","3,000","2,307","0","0","0.00","-","1.50","765.40","759.48","754.23","752.71","758.56","1,720","1,824","1,690"
"2024/01/09","760.0","773.0","760.0","773.0","+13.0","2,900","2,220","0","0","0.00","-","1.50","761.80","758.00","754.20","752.73","758.34","1,560","1,712","1,693"
"2024/01/05","766.0","766.0","760.0","760.0","-6.0","900","687","0","0","0.00","-","1.50","760.80","756.88","754.09","752.75","758.27","2,460","1,620","1,665"
"2024/01/04","757.0","768.0","757.0","766.0","+10.0","1,300","991","0","0","0.00","-","1.50","766.20","756.36","753.97","752.82","758.32","2,720","1,624","1,657"
"2023/12/29","755.0","766.0","755.0","756.0","+2.0","500","379","0","0","0.00","-","1.50","765.40","755.48","753.69","752.83","758.34","2,500","1,612","1,661"
"2023/12/28","760.0","763.0","754.0","754.0","-14.0","2,200","1,666","0","0","0.00","-","1.50","766.20","754.84","753.61","752.89","758.41","2,440","1,644","1,661"
"2023/12/27","779.0","779.0","750.0","768.0","-19.0","7,400","5,621","0","0","0.00","-","1.60","768.60","754.24","753.57","753.00","758.23","2,080","1,568","1,648"
"2023/12/26","763.0","787.0","763.0","787.0","+25.0","2,200","1,706","0","0","0.00","-","1.50","769.20","753.08","753.45","752.98","757.98","780","1,292","1,553"
"2023/12/25","761.0","762.0","761.0","762.0","+2.0","200","152","0","0","0.00","-","1.50","763.80","750.84","753.13","752.88","757.70","400","1,240","1,540"
"2023/12/22","765.0","765.0","760.0","760.0","-6.0","200","153","0","0","0.00","-","1.50","761.40","749.64","753.24","753.04","757.54","540","1,244","1,582"
"2023/12/21","765.0","766.0","760.0","766.0","-5.0","400","306","0","0","0.00","-","1.50","759.80","748.80","753.03","753.23","757.39","1,520","1,292","1,593"
"2023/12/20","754.0","773.0","754.0","771.0","+11.0","900","688","0","0","0.00","-","1.50","761.60","747.20","752.72","753.36","757.21","2,920","2,108","1,604"
"2023/12/19","745.0","760.0","745.0","760.0","+10.0","300","227","0","0","0.00","-","1.50","761.20","747.92","752.28","753.45","757.01","3,380","2,580","1,600"
"2023/12/18","752.0","752.0","749.0","750.0","-2.0","900","676","0","0","0.00","-","1.50","760.80","747.28","751.95","753.62","756.83","3,600","2,624","1,613"
"2023/12/15","775.0","778.0","752.0","752.0","-23.0","5,100","3,881","0","0","0.00","-","1.50","760.60","747.24","751.73","753.92","756.71","3,520","2,596","1,602"
"2023/12/14","769.0","789.0","759.0","775.0","+6.0","7,400","5,719","0","500","0.00","-","1.50","759.20","747.04","751.45","754.32","756.62","2,740","2,392","1,560"
"2023/12/13","765.0","769.0","760.0","769.0","+11.0","3,200","2,455","0","500","0.00","-","1.50","754.00","745.92","750.72","754.49","756.42","1,300","2,112","1,509"
"2023/12/12","752.0","758.0","752.0","758.0","+9.0","1,400","1,057","0","500","0.00","-","1.50","750.20","744.80","750.20","754.70","756.25","700","1,992","1,489"
"2023/12/11","745.0","749.0","743.0","749.0","+4.0","500","373","0","500","0.00","-","1.50","748.00","744.36","749.77","755.43","756.14","500","1,952","1,533"
"2023/12/08","749.0","749.0","745.0","745.0","-4.0","1,200","895","0","500","0.00","-","1.50","747.80","744.16","749.64","756.14","755.97","820","1,944","1,536"
"2023/12/07","747.0","749.0","747.0","749.0","-1.0","200","150","0","500","0.00","-","1.50","746.80","743.72","749.56","756.66","755.87","700","1,904","1,549"
"2023/12/06","750.0","750.0","750.0","750.0","+3.0","200","150","0","500","0.00","-","1.50","744.00","743.52","749.44","757.27","755.80","700","1,916","1,588"
"2023/12/05","748.0","748.0","747.0","747.0","-1.0","400","299","0","1,000","0.00","-","1.50","743.00","743.04","749.44","757.65","755.65","780","1,908","1,640"
"2023/12/04","740.0","750.0","740.0","748.0","+8.0","2,100","1,566","0","500","0.00","-","1.50","743.00","742.68","749.80","758.14","755.57","900","1,904","1,641"
"2023/12/01","737.0","741.0","737.0","740.0","+5.0","600","444","0","500","0.00","-","1.50","742.20","742.16","750.12","758.42","755.48","680","1,840","1,621"
"2023/11/30","740.0","740.0","735.0","735.0","-10.0","200","148","0","500","0.00","-","1.40","742.20","741.92","750.45","758.95","755.55","820","1,844","1,654"
"2023/11/29","749.0","749.0","745.0","745.0","-2.0","600","448","0","500","0.00","-","1.40","743.00","741.76","750.97","759.50","755.53","840","1,868","1,722"
"2023/11/28","744.0","747.0","744.0","747.0","+3.0","1,000","745","0","500","0.00","-","1.40","741.80","741.52","751.37","760.12","755.42","820","1,952","1,724"
"2023/11/27","741.0","744.0","741.0","744.0","+4.0","1,000","742","0","500","0.00","-","1.40","738.60","741.60","751.64","761.35","755.30","800","2,012","1,710"
"2023/11/24","739.0","740.0","739.0","740.0","+1.0","1,300","962","0","500","0.00","-","1.40","736.20","742.24","751.95","762.14","755.11","660","2,012","1,713"
"2023/11/22","740.0","741.0","739.0","739.0","0.0","300","222","0","500","0.00","-","1.40","736.00","743.04","752.24","762.61","754.95","680","1,988","1,709"
"2023/11/21","733.0","739.0","733.0","739.0","+8.0","500","368","0","500","0.00","-","1.40","733.40","743.96","752.59","762.87","754.79","4,780","1,984","1,737"
"2023/11/20","733.0","733.0","731.0","731.0","-1.0","900","659","0","500","0.00","-","1.40","743.40","744.84","752.95","763.08","754.62","7,220","1,988","1,752"
"2023/11/17","743.0","743.0","732.0","732.0","-7.0","300","222","0","500","0.00","-","1.40","746.00","746.12","753.56","763.27","754.49","7,320","1,976","1,756"
"2023/11/16","733.0","739.0","730.0","739.0","+13.0","1,400","1,027","0","500","0.00","-","1.40","749.40","747.40","754.17","763.55","754.39","7,300","1,972","1,757"
"2023/11/15","749.0","754.0","725.0","726.0","-63.0","20,800","15,345","0","500","0.00","-","1.40","751.00","748.68","754.71","763.76","754.25","7,020","1,924","1,753"
"2023/11/14","754.0","789.0","754.0","789.0","+45.0","12,700","9,833","0","500","0.00","-","1.40","755.20","750.00","755.41","764.10","754.17","2,940","1,092","1,484"
"2023/11/13","750.0","753.0","744.0","744.0","-5.0","1,400","1,051","0","500","0.00","-","1.40","745.60","748.80","755.29","763.79","753.78","440","612","1,322"
"2023/11/10","747.0","749.0","747.0","749.0","0.0","200","150","0","500","0.00","-","1.40","746.20","748.96","755.73","763.95","753.61","240","596","1,338"
"2023/11/09","-","-","-","-","-","0","-","0","500","0.00","-","1.40","745.20","749.00","756.15","763.91","753.41","260","628","1,476"
"2023/11/08","746.0","747.0","741.0","747.0","+6.0","400","298","0","500","0.00","-","1.40","742.60","749.16","756.75","763.86","753.23","300","696","1,489"
"2023/11/07","747.0","747.0","741.0","741.0","-6.0","200","149","0","500","0.00","-","1.40","742.00","750.16","757.35","763.87","753.04","320","748","1,502"
"2023/11/06","746.0","750.0","746.0","747.0","+3.0","400","299","0","500","0.00","-","1.40","741.40","750.92","758.00","763.97","752.89","280","788","1,750"
"2023/11/02","740.0","744.0","740.0","744.0","+10.0","300","222","0","500","0.00","-","1.40","739.60","751.80","759.12","763.98","752.70","260","784","1,774"
"2023/11/01","744.0","744.0","734.0","734.0","-10.0","200","148","0","500","0.00","-","1.40","737.80","752.72","760.13","764.02","752.48","300","784","1,880"
"2023/10/31","727.0","744.0","727.0","744.0","0.0","500","368","0","500","0.00","-","1.40","737.80","754.04","760.97","764.18","752.36","400","820","2,061"
"2023/10/30","-","-","-","-","-","0","-","0","500","0.00","-","1.40","735.20","755.00","761.85","764.24","752.13","460","820","2,096"
"2023/10/27","740.0","740.0","738.0","738.0","+3.0","300","222","0","500","0.00","-","1.40","735.40","756.24","762.52","764.36","751.93","1,000","1,088","2,109"
"2023/10/26","724.0","735.0","724.0","735.0","+1.0","500","364","0","600","0.00","-","1.40","737.60","758.00","763.29","764.48","751.69","1,440","1,144","2,133"
"2023/10/25","745.0","745.0","733.0","734.0","+3.0","700","515","0","500","0.00","-","1.40","742.60","759.44","763.84","764.49","751.46","1,540","1,216","2,145"
"2023/10/24","736.0","736.0","729.0","731.0","-8.0","800","586","0","500","0.00","-","1.40","747.80","761.28","764.63","764.55","751.28","1,540","1,404","2,312"
"2023/10/23","749.0","749.0","739.0","739.0","-10.0","2,700","2,004","0","600","0.00","-","1.40","754.00","762.84","765.41","764.64","751.12","1,420","1,500","2,362"
"2023/10/20","751.0","753.0","748.0","749.0","-11.0","2,500","1,874","0","1,700","0.00","-","1.40","758.40","763.88","766.32","764.80","750.92","1,000","1,424","2,674"
"2023/10/19","760.0","760.0","760.0","760.0","0.0","1,000","760","0","1,400","0.00","-","1.40","761.20","763.96","767.93","764.73","750.67","620","1,336","2,792"
"2023/10/18","751.0","760.0","751.0","760.0","-2.0","700","527","0","1,400","0.00","-","1.40","762.00","763.36","768.77","764.63","750.33","460","1,360","3,036"
"2023/10/17","763.0","763.0","762.0","762.0","+1.0","200","153","0","1,400","0.00","-","1.40","764.20","762.96","769.13","764.53","750.03","360","1,352","3,080"
"2023/10/16","761.0","761.0","761.0","761.0","-2.0","600","457","0","1,400","0.00","-","1.40","763.60","762.52","769.17","764.32","749.68","320","1,392","3,094"
"2023/10/13","764.0","765.0","763.0","763.0","-1.0","600","458","0","500","0.00","-","1.40","763.20","762.44","769.16","764.12","749.31","340","1,380","3,108"
"2023/10/12","765.0","765.0","764.0","764.0","-7.0","200","153","0","500","0.00","-","1.40","760.20","762.44","768.99","763.99","748.92","420","1,404","3,124"
"2023/10/11","771.0","771.0","771.0","771.0","0.0","200","154","0","1,300","0.00","-","1.40","757.40","762.68","768.93","763.85","748.53","580","1,532","3,132"
"2023/10/10","-","-","-","-","-","0","-","0","1,300","0.00","-","1.40","753.40","761.60","768.79","763.59","748.17","880","1,564","3,129"
"2023/10/06","748.0","759.0","748.0","759.0","+11.0","700","527","0","1,300","0.00","-","1.40","756.00","760.96","768.80","763.48","747.81","1,220","1,612","3,133"
"2023/10/05","750.0","754.0","748.0","748.0","-2.0","1,000","750","0","1,100","0.00","-","1.40","756.20","760.12","768.79","763.44","747.51","1,320","1,608","3,145"
"2023/10/04","750.0","754.0","750.0","750.0","-1.0","1,000","752","0","900","0.00","-","1.40","760.40","759.60","768.95","763.52","747.21","1,180","1,620","3,160"
"2023/10/03","769.0","769.0","750.0","751.0","-21.0","1,700","1,283","0","900","0.00","-","1.40","763.80","758.96","768.88","763.62","746.89","1,040","1,584","3,158"
"2023/10/02","771.0","772.0","770.0","772.0","+12.0","1,700","1,311","0","800","0.00","-","1.40","767.00","758.16","768.76","763.86","746.57","920","1,592","3,144"
"2023/09/29","769.0","774.0","760.0","760.0","-9.0","1,200","919","0","500","0.00","-","1.40","766.20","756.08","768.44","763.84","746.15","680","1,668","3,129"
"2023/09/28","754.0","769.0","754.0","769.0","+2.0","300","228","0","600","0.00","-","1.40","768.00","754.88","768.32","763.99","745.80","1,780","1,688","3,150"
"2023/09/27","767.0","767.0","767.0","767.0","0.0","300","230","0","500","0.00","-","1.40","770.60","753.16","768.04","763.99","745.46","2,060","1,864","3,152"
"2023/09/26","773.0","773.0","767.0","767.0","-1.0","1,100","845","0","500","0.00","-","1.40","771.40","752.04","767.79","763.92","745.12","2,460","1,880","3,153"
"2023/09/25","769.0","772.0","768.0","768.0","-1.0","500","385","0","500","0.00","-","1.40","774.00","750.92","767.56","763.81","744.71","3,320","1,924","3,138"
"2023/09/22","757.0","775.0","757.0","769.0","-13.0","6,700","5,116","0","500","0.00","-","1.50","774.40","749.80","767.32","763.69","744.32","3,860","2,028","3,132"
"2023/09/21","771.0","782.0","770.0","782.0","+11.0","1,700","1,317","0","500","0.00","-","1.40","773.60","749.04","767.07","763.56","744.01","2,680","1,924","3,042"
"2023/09/20","773.0","775.0","770.0","771.0","-9.0","2,300","1,778","0","500","0.00","-","1.50","767.40","748.72","766.64","763.30","743.57","2,400","1,876","3,028"
"2023/09/19","769.0","780.0","765.0","780.0","+10.0","5,400","4,159","0","700","0.00","-","1.40","762.20","748.76","766.17","763.15","743.15","2,260","1,808","3,002"
"2023/09/15","773.0","773.0","753.0","770.0","+5.0","3,200","2,449","0","700","0.00","-","1.40","756.20","748.16","765.64","763.13","742.68","1,280","1,716","2,930"
"2023/09/14","755.0","765.0","755.0","765.0","+14.0","800","607","0","700","0.00","-","1.40","752.40","748.32","765.24","763.20","742.26","880","1,800","2,897"
"2023/09/13","754.0","754.0","746.0","751.0","+6.0","300","225","0","700","0.00","-","1.40","751.20","748.72","765.11","763.07","741.86","780","1,796","2,892"
"2023/09/12","750.0","751.0","742.0","745.0","-5.0","1,600","1,195","0","700","0.00","-","1.40","753.60","749.36","764.99","763.08","741.53","960","1,784","2,890"
"2023/09/11","756.0","756.0","750.0","750.0","-1.0","500","377","0","700","0.00","-","1.40","758.60","750.24","765.05","763.10","741.23","1,320","1,768","2,870"
"2023/09/08","757.0","757.0","745.0","751.0","-8.0","1,200","899","0","700","0.00","-","1.40","757.40","750.72","765.05","763.22","740.90","1,420","1,788","2,865"
"2023/09/07","770.0","770.0","759.0","759.0","-4.0","300","229","0","700","0.00","-","1.40","755.80","751.28","764.92","763.46","740.63","1,420","1,836","2,849"
"2023/09/06","772.0","772.0","763.0","763.0","-7.0","1,200","919","0","700","0.00","-","1.40","751.60","751.56","764.68","763.47","740.24","1,480","1,888","2,858"
"2023/09/05","747.0","770.0","747.0","770.0","+26.0","3,400","2,586","0","700","0.00","-","1.40","746.00","752.12","764.51","763.44","739.86","1,500","1,888","2,849"
"2023/09/04","743.0","744.0","743.0","744.0","+1.0","1,000","743","0","700","0.00","-","1.40","738.80","752.44","764.24","763.28","739.44","840","1,768","2,809"
"2023/09/01","738.0","743.0","732.0","743.0","+5.0","1,200","885","0","700","0.00","-","1.40","736.20","753.84","764.25","763.40","739.22","1,020","1,772","2,801"
"2023/08/31","736.0","738.0","732.0","738.0","+3.0","600","442","0","700","0.00","-","1.40","731.60","755.28","764.32","763.48","739.03","1,500","1,748","2,789"
"2023/08/30","730.0","737.0","730.0","735.0","+1.0","1,300","950","0","700","0.00","-","1.40","730.00","756.96","764.55","763.88","738.90","1,720","1,748","2,797"
"2023/08/29","734.0","734.0","734.0","734.0","+3.0","100","73","0","700","0.00","-","1.40","728.20","758.64","764.83","763.93","738.73","2,400","1,800","2,790"
"2023/08/28","721.0","745.0","721.0","731.0","+11.0","1,900","1,389","0","700","0.00","-","1.40","729.20","760.48","765.17","764.39","738.52","2,520","2,216","2,808"
"2023/08/25","730.0","730.0","720.0","720.0","-10.0","3,600","2,603","0","700","0.00","-","1.40","730.80","762.92","765.76","764.88","738.32","2,580","2,180","2,785"
"2023/08/24","735.0","735.0","728.0","730.0","+4.0","1,700","1,243","0","700","0.00","-","1.40","734.80","765.80","766.43","765.18","738.23","2,480","2,092","2,740"
"2023/08/23","740.0","741.0","726.0","726.0","-13.0","4,700","3,448","0","700","0.00","-","1.40","738.80","768.20","767.03","765.38","738.14","2,960","2,776","2,724"
"2023/08/22","736.0","740.0","736.0","739.0","0.0","700","517","0","700","0.00","-","1.40","748.40","772.40","767.60","765.62","738.16","2,120","2,676","2,662"
"2023/08/21","742.0","743.0","739.0","739.0","-1.0","2,200","1,631","0","700","0.00","-","1.40","755.00","775.64","767.88","765.68","737.96","2,100","2,976","2,657"
"2023/08/18","750.0","750.0","740.0","740.0","-10.0","3,100","2,305","0","700","0.00","-","1.40","760.20","777.96","768.11","765.74","737.75","2,280","3,440","2,628"
"2023/08/17","770.0","770.0","746.0","750.0","-24.0","4,100","3,107","0","700","0.00","-","1.50","767.00","780.76","768.32","765.74","737.54","2,720","3,440","2,586"
"2023/08/16","774.0","774.0","774.0","774.0","+2.0","500","387","0","700","0.00","-","1.40","772.00","782.28","768.40","765.59","737.21","2,040","3,316","2,532"
"2023/08/15","761.0","772.0","761.0","772.0","+7.0","600","460","0","700","0.00","-","1.40","770.60","783.16","768.16","765.20","736.76","1,940","3,380","2,528"
"2023/08/14","773.0","776.0","756.0","765.0","-9.0","3,100","2,387","0","700","0.00","-","1.40","769.60","783.32","767.95","764.78","736.32","2,060","3,412","2,541"
"2023/08/10","780.0","781.0","767.0","774.0","-1.0","5,300","4,101","0","700","0.00","-","1.40","769.00","784.44","768.12","764.41","735.90","1,640","3,816","2,508"
"2023/08/09","774.0","779.0","774.0","775.0","0.0","700","543","0","700","0.00","-","1.40","767.20","785.08","768.16","763.95","735.45","1,060","3,788","2,452"
"2023/08/08","-","-","-","-","-","0","-","0","700","0.00","-","1.40","765.40","786.36","767.85","763.78","734.99","1,240","4,804","2,442"
"2023/08/07","770.0","770.0","764.0","767.0","+5.0","1,200","922","0","800","0.00","-","1.40","767.40","790.48","767.65","763.81","734.58","1,480","5,256","2,468"
"2023/08/04","763.0","766.0","762.0","762.0","-3.0","1,000","764","0","900","0.00","-","1.40","769.60","792.72","767.39","763.84","734.21","1,320","5,980","2,453"
"2023/08/03","766.0","769.0","758.0","765.0","-1.0","2,400","1,831","0","900","0.00","-","1.40","773.00","793.72","767.39","763.92","733.89","1,340","6,100","2,446"
"2023/08/02","777.0","778.0","766.0","766.0","-11.0","1,600","1,233","0","700","0.00","-","1.40","775.80","793.72","767.52","763.46","733.61","980","6,056","2,422"
"2023/08/01","780.0","780.0","774.0","777.0","-1.0","1,200","932","0","500","0.00","-","1.40","778.60","793.48","767.44","762.97","733.33","780","6,056","2,401"
"2023/07/31","779.0","780.0","778.0","778.0","-1.0","400","312","0","500","0.00","-","1.40","778.60","792.40","767.21","762.51","733.00","1,060","6,080","2,390"
"2023/07/28","776.0","779.0","774.0","779.0","0.0","1,100","853","0","500","0.00","-","1.40","779.00","791.68","766.89","762.04","732.66","3,080","6,096","2,390"
"2023/07/27","776.0","782.0","775.0","779.0","-1.0","600","467","0","500","0.00","-","1.50","781.60","790.92","766.59","761.55","732.31","3,060","6,052","2,377"
"2023/07/26","780.0","780.0","774.0","780.0","+3.0","600","467","0","500","0.00","-","1.40","784.20","790.16","766.21","761.06","731.97","3,220","6,040","2,378"
"2023/07/25","779.0","779.0","772.0","777.0","-3.0","2,600","2,017","0","500","0.00","-","1.40","786.20","789.28","766.19","760.56","731.62","6,860","6,080","2,382"
"2023/07/24","792.0","792.0","773.0","780.0","-12.0","10,500","8,199","0","500","0.00","-","1.50","797.00","788.60","765.69","760.04","731.28","6,780","6,060","2,373"
"2023/07/21","792.0","792.0","787.0","792.0","0.0","1,000","790","0","1,000","0.00","-","1.50","805.00","787.20","765.69","759.49","730.93","6,320","5,676","2,233"
"2023/07/20","791.0","793.0","787.0","792.0","+2.0","1,400","1,105","0","1,000","0.00","-","1.40","806.00","785.20","765.53","758.92","730.52","8,880","5,660","2,252"
"2023/07/19","831.0","832.0","786.0","790.0","-41.0","18,800","14,893","0","1,000","0.00","-","1.50","809.60","783.44","764.97","758.35","730.13","9,220","5,628","2,233"
"2023/07/18","835.0","835.0","828.0","831.0","+11.0","2,200","1,831","0","500","0.00","-","1.50","809.20","781.88","764.44","757.80","729.74","5,660","4,988","1,982"
"2023/07/14","798.0","850.0","778.0","820.0","+23.0","8,200","6,678","0","500","0.00","-","1.40","802.20","778.56","763.36","756.84","729.23","5,640","4,916","1,954"
"2023/07/13","808.0","840.0","787.0","797.0","-13.0","13,800","11,210","0","500","0.00","-","1.50","793.40","775.68","762.36","755.80","728.78","4,280","4,604","1,848"
"2023/07/12","800.0","810.0","791.0","810.0","+22.0","3,100","2,490","0","800","0.00","-","1.40","792.60","773.80","761.67","755.08","728.44","4,160","4,052","1,665"
"2023/07/11","790.0","790.0","787.0","788.0","-8.0","1,000","789","0","800","0.00","-","1.50","788.60","771.40","760.73","754.33","728.04","4,460","3,928","1,629"
"2023/07/10","791.0","796.0","786.0","796.0","+20.0","2,100","1,663","0","1,100","0.00","-","1.40","792.40","769.88","760.03","753.65","727.75","9,480","3,888","1,622"
"2023/07/07","779.0","779.0","772.0","776.0","-17.0","1,400","1,088","0","800","0.00","-","1.50","807.20","768.04","759.21","752.99","727.42","11,320","3,828","1,596"
"2023/07/06","792.0","850.0","775.0","793.0","+3.0","13,200","10,556","0","2,200","0.00","-","1.50","816.60","766.44","758.60","752.53","727.19","14,900","3,788","1,578"
"2023/07/05","805.0","805.0","784.0","790.0","-17.0","4,600","3,657","0","900","0.00","-","1.50","815.40","764.32","757.73","752.15","726.84","13,060","3,260","1,404"
"2023/07/04","871.0","871.0","795.0","807.0","-63.0","26,100","21,455","0","1,000","0.00","-","1.60","810.40","762.32","756.91","751.55","726.51","12,400","3,104","1,348"
"2023/07/03","849.0","875.0","849.0","870.0","+47.0","11,300","9,706","0","500","0.00","-","1.50","801.00","760.24","756.25","750.72","726.05","7,500","2,076","1,004"
"2023/06/30","787.0","827.0","787.0","823.0","+36.0","19,300","15,585","0","0","0.00","-","1.50","777.00","755.12","754.92","749.24","725.20","5,600","1,632","853"
"2023/06/29","765.0","787.0","765.0","787.0","+22.0","4,000","3,092","0","0","0.00","-","1.40","764.40","752.20","754.21","748.08","724.59","1,900","864","621"
"2023/06/28","760.0","765.0","760.0","765.0","+5.0","1,300","994","0","0","0.00","-","1.40","759.00","750.72","753.99","747.28","724.16","1,100","708","597"
"2023/06/27","752.0","760.0","752.0","760.0","+10.0","1,600","1,215","0","0","0.00","-","1.40","758.00","749.76","753.37","746.70","723.84","900","656","585"
"2023/06/26","765.0","765.0","750.0","750.0","-10.0","1,800","1,370","0","0","0.00","-","1.40","757.60","749.00","752.80","746.15","723.52","900","632","588"
"2023/06/23","762.0","763.0","760.0","760.0","0.0","800","609","0","0","0.00","-","1.40","759.60","749.00","752.55","745.70","723.25","960","580","564"
"2023/06/22","-","-","-","-","-","0","-","0","0","0.00","-","1.40","756.60","748.60","752.16","745.22","722.93","980","564","554"
"2023/06/21","758.0","760.0","758.0","760.0","+2.0","300","228","0","200","0.00","-","1.40","753.00","748.00","751.76","744.74","722.61","1,100","580","557"
"2023/06/20","765.0","765.0","757.0","758.0","-2.0","1,600","1,217","0","0","0.00","-","1.40","750.60","747.52","751.36","744.24","722.31","1,160","580","553"
"2023/06/19","756.0","760.0","756.0","760.0","+15.0","2,100","1,591","0","0","0.00","-","1.40","749.20","747.40","750.99","743.76","722.04","1,400","564","534"
"2023/06/16","742.0","745.0","738.0","745.0","+3.0","900","667","0","0","0.00","-","1.40","746.80","747.24","750.52","743.26","721.76","1,060","512","506"
"2023/06/15","737.0","743.0","737.0","742.0","-6.0","600","443","0","0","0.00","-","1.40","747.40","747.84","750.25","742.91","721.56","960","532","497"
"2023/06/14","748.0","748.0","748.0","748.0","-3.0","600","449","0","0","0.00","-","1.40","749.00","749.16","750.16","742.59","721.35","840","516","496"
"2023/06/13","748.0","751.0","748.0","751.0","+3.0","2,800","2,099","0","0","0.00","-","1.40","749.40","750.04","749.99","742.21","721.12","720","500","488"
"2023/06/12","748.0","748.0","748.0","748.0","0.0","400","299","0","0","0.00","-","1.40","749.20","751.00","749.77","741.80","720.94","160","408","450"
"2023/06/09","740.0","748.0","740.0","748.0","0.0","400","298","0","0","0.00","-","1.40","749.60","751.84","749.60","741.42","720.78","200","396","449"
"2023/06/08","-","-","-","-","-","0","-","0","0","0.00","-","1.40","747.20","752.32","749.17","740.94","720.62","200","392","452"
"2023/06/07","-","-","-","-","-","0","-","0","0","0.00","-","1.40","745.20","752.56","748.84","740.54","720.45","200","392","454"
"2023/06/06","-","-","-","-","-","0","-","0","0","0.00","-","1.40","743.20","752.80","748.64","740.02","720.28","340","392","456"
"2023/06/05","736.0","750.0","736.0","750.0","+14.0","600","445","0","0","0.00","-","1.40","744.20","753.04","748.24","739.50","720.14","420","392","469"
"2023/06/02","740.0","740.0","736.0","736.0","0.0","400","296","0","0","0.00","-","1.40","742.60","753.28","747.97","738.89","719.92","340","376","461"
"2023/06/01","-","-","-","-","-","0","-","0","0","0.00","-","1.40","745.40","754.08","747.89","738.42","719.74","280","424","513"
"2023/05/31","740.0","740.0","740.0","740.0","-15.0","700","518","0","0","0.00","-","1.40","747.40","755.60","748.09","738.00","719.54","300","448","538"
"2023/05/30","752.0","755.0","752.0","755.0","+13.0","400","301","0","0","0.00","-","1.40","747.60","757.08","747.96","737.59","719.37","160","464","541"
"2023/05/29","742.0","742.0","742.0","742.0","-8.0","200","148","0","0","0.00","-","1.40","744.80","756.96","747.55","737.03","719.08","280","448","544"
"2023/05/26","750.0","750.0","750.0","750.0","0.0","100","75","0","0","0.00","-","1.40","746.40","757.36","747.28","736.60","718.85","340","516","544"
"2023/05/25","750.0","750.0","750.0","750.0","0.0","100","75","0","0","0.00","-","1.40","746.40","757.24","746.71","736.02","718.59","400","516","545"
"2023/05/24","-","-","-","-","-","0","-","0","0","0.00","-","1.40","745.40","757.72","746.13","735.52","718.32","460","532","544"
"2023/05/23","741.0","742.0","740.0","741.0","-9.0","1,000","741","0","0","0.00","-","1.40","746.80","759.08","745.68","735.04","718.10","520","556","560"
"2023/05/22","750.0","750.0","738.0","750.0","0.0","500","374","0","0","0.00","-","1.40","749.60","759.84","745.20","734.49","717.88","560","516","546"
"2023/05/19","745.0","750.0","737.0","750.0","+5.0","400","298","0","0","0.00","-","1.40","750.80","760.24","744.60","733.85","717.63","620","512","553"
"2023/05/18","748.0","750.0","745.0","745.0","-3.0","400","299","0","0","0.00","-","1.40","752.80","760.40","744.09","733.21","717.37","820","512","550"
"2023/05/17","755.0","755.0","748.0","748.0","-7.0","300","225","0","0","0.00","-","1.40","758.80","760.84","743.65","732.74","717.13","780","500","546"
"2023/05/16","756.0","756.0","755.0","755.0","-1.0","1,200","907","0","0","0.00","-","1.40","763.20","760.96","743.15","732.13","716.88","760","516","545"
"2023/05/15","760.0","769.0","755.0","756.0","-4.0","800","607","0","0","0.00","-","1.40","767.20","761.88","742.55","731.58","716.68","620","504","532"
"2023/05/12","777.0","777.0","760.0","760.0","-15.0","1,400","1,078","0","0","0.00","-","1.40","769.80","761.24","741.93","730.89","716.47","480","548","521"
"2023/05/11","775.0","775.0","775.0","775.0","+5.0","200","155","0","300","0.00","-","1.40","769.80","762.04","741.27","730.16","716.25","260","492","505"
"2023/05/10","770.0","770.0","770.0","770.0","-5.0","200","154","0","300","0.00","-","1.50","766.00","762.24","740.40","729.28","715.87","220","580","502"
"2023/05/09","770.0","775.0","770.0","775.0","+6.0","500","386","0","0","0.00","-","1.40","763.20","761.44","739.60","728.45","715.52","180","572","500"
"2023/05/08","769.0","769.0","769.0","769.0","+9.0","100","77","0","0","0.00","-","1.40","759.40","760.44","738.73","727.60","715.15","80","552","493"
"2023/05/02","760.0","762.0","760.0","760.0","0.0","300","228","0","200","0.00","-","1.40","756.80","759.68","737.95","726.93","714.90","100","552","493"
"2023/05/01","-","-","-","-","-","0","-","0","200","0.00","-","1.40","756.00","759.08","737.15","726.31","714.70","360","548","492"
"2023/04/28","-","-","-","-","-","0","-","0","200","0.00","-","1.40","760.40","758.64","736.53","725.60","714.52","480","552","494"
"2023/04/27","-","-","-","-","-","0","-","0","200","0.00","-","1.40","764.60","758.00","735.76","724.95","714.34","700","568","494"
"2023/04/26","756.0","756.0","756.0","756.0","0.0","200","151","0","200","0.00","-","1.40","763.80","757.16","734.99","724.46","714.16","700","588","496"
"2023/04/25","770.0","770.0","755.0","756.0","-22.0","1,600","1,224","0","200","0.00","-","1.40","763.00","756.32","734.09","723.84","713.97","1,040","584","494"
"2023/04/24","777.0","778.0","777.0","778.0","+1.0","600","467","0","700","0.00","-","1.40","761.20","755.28","733.20","723.14","713.78","740","524","474"
"2023/04/21","752.0","777.0","748.0","777.0","0.0","1,100","837","0","200","0.00","-","1.40","758.00","753.28","732.13","722.22","713.44","720","504","474"
"2023/04/20","-","-","-","-","-","0","-","0","200","0.00","-","1.40","757.60","751.32","731.09","721.31","712.96","620","476","461"
"2023/04/19","747.0","763.0","746.0","752.0","+5.0","1,900","1,436","0","200","0.00","-","1.40","759.20","751.56","730.39","720.65","712.60","620","488","461"
"2023/04/18","747.0","747.0","747.0","747.0","-15.0","100","75","0","200","0.00","-","1.40","760.80","752.28","729.68","719.98","712.22","320","412","478"
"2023/04/17","775.0","775.0","762.0","762.0","-13.0","500","384","0","200","0.00","-","1.40","762.20","753.20","728.95","719.36","711.86","380","484","481"
"2023/04/14","775.0","775.0","775.0","775.0","0.0","600","465","0","200","0.00","-","1.40","761.00","753.52","728.12","718.58","711.43","300","552","485"
"2023/04/13","-","-","-","-","-","0","-","0","200","0.00","-","1.40","756.20","751.28","727.03","717.80","710.90","320","544","502"
"2023/04/12","760.0","760.0","755.0","760.0","+6.0","400","304","0","200","0.00","-","1.40","759.80","749.56","726.04","717.01","710.46","500","616","502"
"2023/04/11","751.0","774.0","751.0","754.0","-2.0","400","304","0","200","0.00","-","1.40","755.80","748.40","725.05","716.27","710.00","800","600","498"
"2023/04/10","756.0","756.0","756.0","756.0","+5.0","100","76","0","200","0.00","-","1.40","761.00","747.48","724.15","715.59","709.68","720","588","497"
"2023/04/07","777.0","777.0","751.0","751.0","-27.0","700","540","0","200","0.00","-","1.40","765.80","746.44","723.37","715.04","709.40","1,180","592","509"
"2023/04/06","740.0","778.0","740.0","778.0","+38.0","900","686","0","200","0.00","-","1.40","765.60","745.60","722.52","714.58","709.14","1,040","564","501"
"2023/04/05","744.0","744.0","740.0","740.0","0.0","1,900","1,412","0","300","0.00","-","1.40","760.00","743.68","721.48","713.92","708.75","860","536","494"
"2023/04/04","-","-","-","-","-","0","-","0","200","0.00","-","1.50","762.00","743.08","720.77","713.53","708.55","500","460","469"
"2023/04/03","730.0","780.0","730.0","780.0","0.0","2,400","1,823","0","200","0.00","-","1.40","755.00","740.88","719.53","712.64","708.15","540","468","473"
"2023/03/31","-","-","-","-","-","0","-","0","200","0.00","-","1.40","748.00","739.08","718.29","711.75","707.70","80","392","441"
"2023/03/30","-","-","-","-","-","0","-","0","200","0.00","-","1.40","746.00","738.48","717.45","711.27","707.44","160","392","445"
"2023/03/29","750.0","750.0","750.0","750.0","+5.0","100","75","0","200","0.00","-","1.40","743.00","737.88","716.65","710.90","707.16","260","392","450"
"2023/03/28","740.0","745.0","740.0","745.0","0.0","200","149","0","200","0.00","-","1.40","740.00","737.28","716.01","710.70","706.88","260","400","454"
"2023/03/27","745.0","745.0","745.0","745.0","+5.0","100","75","0","800","0.00","-","1.40","737.00","736.12","715.39","710.23","706.63","240","416","454"
"2023/03/24","735.0","740.0","735.0","740.0","+5.0","400","295","0","800","0.00","-","1.40","733.60","735.32","714.59","709.76","706.35","240","420","458"
"2023/03/23","723.0","735.0","723.0","735.0","0.0","500","363","0","1,000","0.00","-","1.40","731.20","735.12","713.93","709.34","706.10","240","408","458"
"2023/03/22","735.0","735.0","735.0","735.0","+5.0","100","74","0","1,000","0.00","-","1.40","735.80","734.52","713.56","708.83","705.88","200","428","454"
"2023/03/20","730.0","730.0","730.0","730.0","+2.0","100","73","0","1,000","0.00","-","1.40","742.80","734.32","713.01","708.32","705.70","180","424","454"
"2023/03/17","728.0","728.0","728.0","728.0","0.0","100","73","0","1,000","0.00","-","1.40","750.80","734.32","712.43","707.86","705.55","540","592","454"
"2023/03/16","728.0","730.0","728.0","728.0","-30.0","400","291","0","900","0.00","-","1.40","759.20","735.40","711.87","707.38","705.41","960","664","453"
"2023/03/15","758.0","758.0","758.0","758.0","0.0","300","227","0","900","0.00","-","1.40","757.40","735.48","711.31","706.94","705.27","960","684","456"
"2023/03/14","-","-","-","-","-","0","-","0","700","0.00","-","1.40","749.20","734.12","710.35","706.20","704.96","1,260","696","458"
"2023/03/13","770.0","770.0","728.0","770.0","0.0","1,900","1,429","0","700","0.00","-","1.40","741.40","732.20","709.21","705.35","704.60","1,260","704","458"
"2023/03/10","739.0","770.0","738.0","770.0","+51.0","2,200","1,649","0","700","0.00","-","1.40","733.60","729.68","708.08","704.57","704.24","900","636","434"
"2023/03/09","720.0","720.0","719.0","719.0","+2.0","400","288","0","700","0.00","-","1.40","725.60","727.16","706.93","703.85","703.88","500","548","410"
"2023/03/08","730.0","732.0","717.0","717.0","0.0","1,800","1,301","0","700","0.00","-","1.40","727.80","726.68","706.64","703.76","703.68","420","580","425"
"2023/03/07","-","-","-","-","-","0","-","0","700","0.00","-","1.40","730.40","726.20","706.16","703.69","703.47","100","508","408"
"2023/03/06","731.0","731.0","731.0","731.0","+1.0","100","73","0","700","0.00","-","1.40","729.20","725.16","705.56","703.48","703.20","100","548","414"
"2023/03/03","730.0","730.0","730.0","730.0","0.0","200","146","0","700","0.00","-","1.40","728.00","724.40","704.96","703.27","703.07","120","552","478"
"2023/03/02","-","-","-","-","-","0","-","0","700","0.00","-","1.40","729.00","723.68","704.57","703.07","702.92","180","548","481"
"2023/03/01","725.0","730.0","725.0","730.0","0.0","200","146","0","700","0.00","-","1.40","730.00","722.88","704.24","702.87","702.79","180","556","484"
"2023/02/28","-","-","-","-","-","0","-","0","700","0.00","-","1.40","731.00","722.08","704.00","702.67","702.67","140","556","482"
"2023/02/27","725.0","725.0","725.0","725.0","-10.0","200","145","0","700","0.00","-","1.40","733.00","721.48","703.68","702.52","702.56","200","556","492"
"2023/02/24","740.0","740.0","735.0","735.0","0.0","500","369","0","700","0.00","-","1.40","731.20","720.88","703.23","702.37","702.45","280","556","489"
"2023/02/22","-","-","-","-","-","0","-","0","700","0.00","-","1.40","729.20","719.88","702.64","702.12","702.22","220","536","485"
"2023/02/21","-","-","-","-","-","0","-","0","800","0.00","-","1.40","729.20","718.88","702.20","701.90","701.99","240","536","486"
"2023/02/20","731.0","735.0","731.0","735.0","+19.0","300","220","0","800","0.00","-","1.40","726.20","717.88","701.91","701.68","701.75","440","536","493"
"2023/02/17","720.0","720.0","710.0","716.0","-9.0","600","428","0","700","0.00","-","1.40","725.20","716.88","701.84","701.62","701.52","380","528","502"
"2023/02/16","720.0","725.0","720.0","725.0","-10.0","200","145","0","700","0.00","-","1.40","728.00","716.24","701.60","701.75","701.38","1,120","512","496"
"2023/02/15","735.0","735.0","735.0","735.0","+15.0","100","74","0","800","0.00","-","1.40","734.00","715.64","701.24","701.80","701.20","1,460","512","498"
"2023/02/14","728.0","728.0","720.0","720.0","0.0","1,000","724","0","800","0.00","-","1.40","733.00","714.16","700.75","701.75","700.99","1,620","508","506"
"2023/02/13","-","-","-","-","-","0","-","0","300","0.00","-","1.40","733.80","713.28","700.27","701.85","700.95","1,540","472","498"
"2023/02/10","755.0","779.0","728.0","730.0","-25.0","4,300","3,271","0","300","0.00","-","1.40","732.20","711.64","699.65","701.85","700.87","1,580","476","498"
"2023/02/09","724.0","755.0","724.0","755.0","+25.0","1,900","1,416","0","200","0.00","-","1.40","727.60","710.00","699.04","701.85","700.78","760","308","449"
"2023/02/08","729.0","730.0","729.0","730.0","+6.0","900","657","0","200","0.00","-","1.40","718.00","707.72","698.04","701.53","700.56","380","256","433"
"2023/02/07","722.0","724.0","721.0","724.0","+2.0","600","433","0","200","0.00","-","1.40","713.40","706.48","697.43","701.46","700.47","440","224","517"
"2023/02/06","722.0","722.0","722.0","722.0","+15.0","200","144","0","200","0.00","-","1.00","709.60","705.48","696.89","701.37","700.41","320","200","534"
"2023/02/03","707.0","707.0","707.0","707.0","0.0","200","141","0","200","0.00","-","1.00","706.20","704.56","696.40","701.16","700.36","480","320","534"
"2023/02/02","-","-","-","-","-","0","-","0","200","0.00","-","1.00","707.20","703.96","696.20","701.10","700.41","480","324","538"
"2023/02/01","718.0","718.0","707.0","707.0","0.0","1,200","852","0","200","0.00","-","1.00","708.20","703.68","696.08","701.04","700.45","500","356","549"
"2023/01/31","-","-","-","-","-","0","-","0","200","0.00","-","1.00","708.80","703.12","696.12","700.98","700.50","300","384","533"
"2023/01/30","710.0","710.0","705.0","705.0","-7.0","1,000","706","0","200","0.00","-","1.00","709.80","702.36","696.19","700.89","700.62","340","384","534"
"2023/01/27","713.0","713.0","712.0","712.0","0.0","200","143","0","200","0.00","-","1.00","710.80","701.60","696.25","700.80","700.74","140","348","524"
"2023/01/26","712.0","712.0","712.0","712.0","+2.0","100","71","0","200","0.00","-","0.80","710.40","700.56","696.23","700.64","700.92","140","352","521"
"2023/01/25","710.0","710.0","710.0","710.0","0.0","200","142","0","200","0.00","-","0.80","710.00","700.00","696.20","700.48","701.11","120","388","520"
"2023/01/24","710.0","710.0","710.0","710.0","0.0","200","142","0","200","0.00","-","0.80","710.00","699.08","696.20","700.38","701.15","80","384","530"
"2023/01/23","-","-","-","-","-","0","-","0","200","0.00","-","0.80","710.00","698.68","696.20","700.32","701.40","40","392","529"
"2023/01/20","710.0","710.0","710.0","710.0","0.0","200","142","0","200","0.00","-","0.80","710.00","697.76","696.20","700.26","701.61","60","392","530"
"2023/01/19","-","-","-","-","-","0","-","0","200","0.00","-","0.80","708.00","696.84","696.20","700.20","701.81","60","396","528"
"2023/01/18","-","-","-","-","-","0","-","0","200","0.00","-","0.80","708.00","695.92","696.20","700.10","701.94","100","396","542"
"2023/01/17","-","-","-","-","-","0","-","0","200","0.00","-","0.80","705.60","695.00","696.24","700.02","702.04","100","408","544"
"2023/01/16","710.0","710.0","710.0","710.0","+10.0","100","71","0","200","0.00","-","0.70","703.20","694.20","696.28","700.08","702.03","120","424","552"
"2023/01/13","700.0","700.0","700.0","700.0","-10.0","200","140","0","200","0.00","-","0.80","699.00","693.88","696.53","700.14","701.97","120","436","550"
"2023/01/12","705.0","710.0","705.0","710.0","0.0","200","142","0","200","0.00","-","1.00","696.80","693.80","696.92","700.30","701.93","100","436","549"
"2023/01/11","-","-","-","-","-","0","-","0","200","0.00","-","1.00","694.40","692.80","697.19","700.36","701.84","180","444","548"
"2023/01/10","698.0","698.0","698.0","698.0","+9.0","100","70","0","200","0.00","-","1.00","694.60","692.52","697.61","700.54","701.77","200","460","564"
"2023/01/06","689.0","689.0","689.0","689.0","0.0","100","69","0","200","0.00","-","1.00","694.80","692.88","698.04","700.78","701.69","180","464","562"
"2023/01/05","689.0","689.0","689.0","689.0","-9.0","100","69","0","200","0.00","-","1.00","696.80","693.08","698.59","700.95","701.69","800","464","561"
"2023/01/04","698.0","698.0","698.0","698.0","-1.0","600","419","0","300","0.00","-","1.00","697.40","692.96","699.13","701.06","701.65","840","464","573"
"2022/12/30","699.0","699.0","699.0","699.0","0.0","100","70","0","200","0.00","-","1.00","697.80","692.48","699.47","701.08","701.59","880","440","566"
"2022/12/29","-","-","-","-","-","0","-","0","200","0.00","-","1.00","696.60","691.96","699.79","701.14","701.55","1,240","460","568"
"2022/12/28","690.0","699.0","688.0","699.0","+7.0","3,200","2,223","0","800","0.00","-","1.00","694.00","691.44","700.00","701.12","701.50","1,240","480","580"
"2022/12/27","690.0","692.0","684.0","692.0","-8.0","300","207","0","800","0.00","-","0.70","691.40","690.88","700.03","701.10","701.46","620","352","538"
"2022/12/26","703.0","703.0","700.0","700.0","+7.0","800","561","0","800","0.00","-","1.00","690.20","690.60","700.15","701.15","701.42","620","344","534"
"2022/12/23","696.0","696.0","681.0","693.0","0.0","1,900","1,302","0","800","0.00","-","1.00","689.80","689.96","700.16","701.12","701.38","660","328","528"
"2022/12/22","-","-","-","-","-","0","-","0","500","0.00","-","1.00","688.60","690.12","700.27","701.16","701.40","300","312","506"
"2022/12/21","686.0","686.0","686.0","686.0","0.0","100","69","0","500","0.00","-","1.00","691.40","689.92","700.40","701.27","701.45","380","332","510"
"2022/12/20","695.0","695.0","686.0","686.0","-12.0","300","208","0","500","0.00","-","1.00","691.60","689.92","700.53","701.40","701.49","360","348","509"
"2022/12/19","688.0","698.0","688.0","698.0","+11.0","1,000","693","0","500","0.00","-","0.70","691.80","689.92","700.67","701.53","701.54","360","532","505"
"2022/12/16","687.0","687.0","687.0","687.0","-13.0","100","69","0","500","0.00","-","1.00","689.60","690.04","700.64","701.52","701.61","160","508","502"
"2022/12/15","697.0","700.0","697.0","700.0","0.0","400","280","0","200","0.00","-","1.00","689.60","690.76","700.81","701.62","701.73","200","512","502"
"2022/12/14","-","-","-","-","-","0","-","0","200","0.00","-","1.00","687.60","691.24","700.87","701.77","701.80","200","500","500"
"2022/12/13","687.0","687.0","687.0","687.0","0.0","300","206","0","500","0.00","-","1.00","690.60","691.80","701.09","702.05","701.82","280","528","500"
"2022/12/12","-","-","-","-","-","0","-","0","500","0.00","-","1.00","692.80","691.96","701.32","702.33","701.85","260","516","497"
"2022/12/09","690.0","690.0","687.0","687.0","-3.0","300","206","0","500","0.00","-","0.70","692.40","692.12","701.49","702.46","701.88","340","524","498"
"2022/12/08","687.0","692.0","687.0","690.0","-12.0","400","276","0","400","0.00","-","1.00","693.20","692.72","701.69","702.59","701.92","360","516","504"
"2022/12/07","700.0","702.0","700.0","702.0","+4.0","400","281","0","400","0.00","-","1.00","696.60","693.64","702.04","702.69","701.96","320","520","498"
"2022/12/06","698.0","698.0","698.0","698.0","+13.0","200","140","0","400","0.00","-","1.00","695.00","694.76","702.23","702.87","702.01","260","544","493"
"2022/12/05","684.0","685.0","684.0","685.0","-6.0","400","274","0","400","0.00","-","1.00","692.60","694.76","702.47","703.09","702.07","240","540","490"
"2022/12/02","706.0","706.0","691.0","691.0","-16.0","400","281","0","400","0.00","-","1.00","692.80","695.28","702.88","703.44","702.22","160","540","485"
"2022/12/01","707.0","707.0","707.0","707.0","+13.0","200","141","0","200","0.00","-","1.00","691.80","695.56","703.21","703.73","702.29","200","552","504"
"2022/11/30","694.0","694.0","694.0","694.0","+8.0","100","69","0","200","0.00","-","1.00","687.60","694.64","703.41","703.85","702.31","260","560","545"
"2022/11/29","686.0","686.0","686.0","686.0","0.0","100","69","0","200","0.00","-","1.00","685.80","694.24","703.57","704.10","702.72","240","556","569"
"2022/11/28","-","-","-","-","-","0","-","0","200","0.00","-","1.00","685.60","694.16","703.76","704.42","703.24","240","576","568"
"2022/11/25","685.0","686.0","685.0","686.0","0.0","600","411","0","200","0.00","-","1.00","685.20","693.92","703.95","704.66","703.76","320","604","581"
"2022/11/24","685.0","686.0","685.0","686.0","0.0","500","343","0","200","0.00","-","1.00","687.40","693.84","704.20","704.60","703.86","500","868","574"
"2022/11/22","-","-","-","-","-","0","-","0","200","0.00","-","1.00","686.40","693.76","704.35","704.54","703.96","500","924","568"
"2022/11/21","685.0","685.0","685.0","685.0","+1.0","100","69","0","200","0.00","-","1.00","686.60","693.76","704.51","704.45","703.96","600","932","568"
"2022/11/18","687.0","687.0","684.0","684.0","-13.0","400","274","0","200","0.00","-","1.00","686.80","694.04","704.67","704.36","704.01","1,560","948","569"
"2022/11/17","698.0","698.0","697.0","697.0","+16.0","1,500","1,047","0","200","0.00","-","1.00","690.20","694.60","704.84","704.27","704.09","1,560","964","564"
"2022/11/16","680.0","681.0","680.0","681.0","-5.0","500","340","0","200","0.00","-","1.00","691.80","695.12","704.84","704.00","704.08","1,300","904","544"
"2022/11/15","686.0","686.0","686.0","686.0","0.0","500","343","0","200","0.00","-","1.00","698.00","696.28","705.05","703.91","704.17","1,220","888","540"
"2022/11/14","701.0","720.0","685.0","686.0","-15.0","4,900","3,438","0","200","0.00","-","1.00","701.00","697.24","705.23","703.72","704.24","1,260","876","536"
"2022/11/11","705.0","705.0","701.0","701.0","-4.0","400","281","0","200","0.00","-","1.00","702.00","698.20","705.40","703.76","704.37","280","680","473"
"2022/11/10","712.0","712.0","705.0","705.0","-7.0","200","142","0","200","0.00","-","1.00","700.00","698.56","705.35","703.75","704.42","240","664","469"
"2022/11/09","712.0","712.0","712.0","712.0","+11.0","100","71","0","200","0.00","-","1.00","699.40","698.76","705.24","703.70","704.47","220","696","469"
"2022/11/08","716.0","716.0","701.0","701.0","0.0","700","492","0","200","0.00","-","1.00","699.60","698.68","705.28","703.58","704.49","300","696","468"
"2022/11/07","-","-","-","-","-","0","-","0","200","0.00","-","1.00","705.40","699.04","705.47","703.57","704.57","360","672","458"
"2022/11/04","702.0","702.0","691.0","691.0","-11.0","200","139","0","200","0.00","-","1.00","706.80","699.80","705.79","703.66","704.69","380","672","462"
"2022/11/02","702.0","702.0","702.0","702.0","-11.0","100","70","0","200","0.00","-","0.80","708.20","700.56","705.91","703.65","704.81","420","708","460"
"2022/11/01","728.0","728.0","713.0","713.0","-17.0","500","358","0","200","0.00","-","0.80","707.40","701.00","705.88","703.61","704.87","540","708","458"
"2022/10/31","706.0","730.0","706.0","730.0","+32.0","1,000","723","0","200","0.00","-","1.00","701.60","701.00","705.71","703.42","704.88","520","712","460"
"2022/10/28","698.0","698.0","698.0","698.0","0.0","100","70","0","200","0.00","-","1.00","692.40","700.96","705.57","703.06","704.80","320","672","446"
"2022/10/27","698.0","698.0","698.0","698.0","0.0","400","279","0","200","0.00","-","1.00","689.60","702.20","705.87","703.02","704.89","420","672","446"
"2022/10/26","690.0","698.0","690.0","698.0","+14.0","700","488","0","200","0.00","-","1.00","686.00","703.48","706.16","702.94","704.93","480","660","441"
"2022/10/25","684.0","684.0","680.0","684.0","0.0","400","273","0","200","0.00","-","1.00","683.20","704.76","706.45","702.86","705.01","1,780","680","456"
"2022/10/24","-","-","-","-","-","0","-","0","200","0.00","-","1.00","683.20","706.60","706.92","702.92","705.12","2,080","664","458"
"2022/10/21","677.0","685.0","677.0","684.0","+4.0","600","408","0","200","0.00","-","0.70","683.40","708.44","707.39","703.08","705.28","2,120","664","473"
"2022/10/20","685.0","687.0","676.0","680.0","-4.0","700","478","0","200","0.00","-","1.00","685.00","710.28","707.84","703.24","705.41","2,100","680","498"
"2022/10/19","684.0","741.0","672.0","684.0","0.0","7,200","5,050","0","200","0.00","-","1.00","688.60","712.00","708.24","703.44","705.56","2,120","656","510"
"2022/10/18","684.0","684.0","684.0","684.0","-1.0","1,900","1,300","0","200","0.00","-","1.00","693.80","713.56","708.19","703.60","705.73","680","376","414"
"2022/10/17","682.0","685.0","682.0","685.0","-7.0","200","137","0","200","0.00","-","1.00","699.00","714.80","708.13","703.72","705.91","320","336","390"
"2022/10/14","698.0","698.0","685.0","692.0","-6.0","500","345","0","200","0.00","-","1.00","704.00","715.44","708.01","703.85","706.07","320","332","390"
"2022/10/13","705.0","705.0","698.0","698.0","0.0","800","561","0","200","0.00","-","0.80","707.60","715.80","707.80","703.91","706.20","220","312","386"
"2022/10/12","-","-","-","-","-","0","-","0","200","0.00","-","0.80","710.00","715.92","707.49","703.91","706.34","60","292","384"
"2022/10/11","710.0","710.0","710.0","710.0","0.0","100","71","0","200","0.00","-","0.80","710.00","715.56","706.96","703.59","706.45","260","304","416"
"2022/10/07","710.0","710.0","710.0","710.0","0.0","200","142","0","200","0.00","-","0.80","710.00","715.00","706.45","703.25","706.57","260","312","418"
"2022/10/06","-","-","-","-","-","0","-","0","200","0.00","-","0.80","710.00","714.44","705.88","702.91","706.73","240","304","441"
"2022/10/05","-","-","-","-","-","0","-","0","300","0.00","-","0.80","710.00","713.88","705.61","702.86","706.83","240","304","442"
"2022/10/04","710.0","710.0","710.0","710.0","0.0","1,000","710","0","300","0.00","-","0.80","710.00","713.32","705.48","702.76","706.92","460","336","442"
"2022/10/03","710.0","710.0","710.0","710.0","0.0","100","71","0","300","0.00","-","0.80","710.60","712.92","705.35","702.71","706.98","280","300","429"
"2022/09/30","710.0","710.0","710.0","710.0","0.0","100","71","0","300","0.00","-","0.80","711.20","712.68","705.21","702.66","707.07","380","304","428"
"2022/09/29","-","-","-","-","-","0","-","0","200","0.00","-","0.80","715.00","712.44","705.08","702.59","707.18","360","300","426"
"2022/09/28","710.0","710.0","710.0","710.0","-3.0","1,100","781","0","200","0.00","-","1.00","718.80","712.20","704.95","702.52","707.29","380","304","441"
"2022/09/27","713.0","713.0","713.0","713.0","0.0","100","71","0","200","0.00","-","1.00","722.80","711.80","704.68","702.31","707.36","180","264","434"
"2022/09/26","729.0","729.0","713.0","713.0","0.0","600","430","0","200","0.00","-","1.00","726.20","711.36","704.48","702.07","707.50","400","288","437"
"2022/09/22","-","-","-","-","-","0","-","0","200","0.00","-","1.00","729.60","711.48","704.23","701.82","707.61","280","264","429"
"2022/09/21","729.0","729.0","729.0","729.0","-1.0","100","73","0","300","0.00","-","0.80","729.80","710.96","703.76","701.41","707.65","280","264","429"
"2022/09/20","730.0","730.0","730.0","730.0","0.0","100","73","0","200","0.00","-","0.80","730.00","710.44","703.29","701.00","707.68","460","260","429"
"2022/09/16","730.0","730.0","730.0","730.0","0.0","1,200","876","0","200","0.00","-","0.80","728.60","709.88","702.76","700.60","707.71","460","256","428"
"2022/09/15","-","-","-","-","-","0","-","0","300","0.00","-","0.80","727.20","709.32","702.23","700.22","707.79","260","280","413"
"2022/09/14","-","-","-","-","-","0","-","0","300","0.00","-","1.00","724.20","709.00","701.69","700.05","707.87","440","412","414"
"2022/09/13","730.0","730.0","730.0","730.0","+7.0","1,000","730","0","200","0.00","-","1.00","718.40","708.04","701.29","699.88","707.96","460","488","414"
"2022/09/12","723.0","723.0","723.0","723.0","0.0","100","72","0","300","0.00","-","1.00","712.60","706.84","700.89","699.70","708.00","260","448","402"
"2022/09/09","723.0","723.0","723.0","723.0","+8.0","200","145","0","300","0.00","-","1.00","708.20","705.92","700.59","699.59","708.08","300","484","401"
"2022/09/08","705.0","715.0","705.0","715.0","+14.0","900","640","0","400","0.00","-","1.00","703.80","705.20","700.28","699.48","708.19","320","480","404"
"2022/09/07","701.0","701.0","701.0","701.0","0.0","100","70","0","400","0.00","-","1.00","700.00","704.48","700.03","699.45","708.57","200","444","393"
"2022/09/06","-","-","-","-","-","0","-","0","400","0.00","-","1.00","699.00","704.32","699.99","699.56","708.80","180","440","392"
"2022/09/05","702.0","702.0","701.0","701.0","0.0","300","211","0","400","0.00","-","1.00","698.00","704.16","699.95","699.71","709.04","180","448","393"
"2022/09/02","701.0","701.0","701.0","701.0","+5.0","300","210","0","400","0.00","-","1.00","697.00","704.00","699.91","699.86","709.23","280","436","392"
"2022/09/01","700.0","700.0","696.0","696.0","0.0","300","209","0","500","0.00","-","1.00","696.80","703.84","699.60","700.01","709.43","240","424","389"
"2022/08/31","-","-","-","-","-","0","-","0","500","0.00","-","1.00","698.40","703.88","699.33","700.34","709.69","220","420","385"
"2022/08/30","-","-","-","-","-","0","-","0","500","0.00","-","1.00","700.00","704.00","699.07","700.67","709.96","220","428","416"
"2022/08/29","698.0","698.0","696.0","696.0","-4.0","800","558","0","500","0.00","-","1.00","701.60","704.12","699.19","701.20","710.22","240","436","420"
"2022/08/26","700.0","700.0","700.0","700.0","-4.0","100","70","0","500","0.00","-","1.00","702.40","704.16","699.24","701.74","710.49","100","408","412"
"2022/08/25","704.0","704.0","704.0","704.0","0.0","200","141","0","500","0.00","-","1.00","702.80","704.04","699.31","701.91","710.75","220","412","413"
"2022/08/24","-","-","-","-","-","0","-","0","500","0.00","-","0.70","705.20","704.48","699.32","702.47","711.00","180","404","412"
"2022/08/23","704.0","704.0","704.0","704.0","+4.0","100","70","0","200","0.00","-","0.70","707.60","704.92","699.31","702.96","711.20","180","404","413"
"2022/08/22","700.0","700.0","700.0","700.0","-2.0","100","70","0","200","0.00","-","1.00","710.00","705.36","699.29","703.42","711.33","160","412","421"
"2022/08/19","716.0","716.0","702.0","702.0","0.0","700","494","0","200","0.00","-","1.00","713.20","705.36","699.15","703.77","711.52","140","408","424"
"2022/08/18","-","-","-","-","-","0","-","0","200","0.00","-","1.00","716.00","705.28","698.97","704.05","711.75","360","380","424"
"2022/08/17","-","-","-","-","-","0","-","0","200","0.00","-","1.00","717.20","704.64","698.60","703.98","711.91","1,020","404","424"
"2022/08/16","-","-","-","-","-","0","-","0","200","0.00","-","1.00","715.20","704.80","698.23","703.80","712.01","1,400","404","426"
"2022/08/15","-","-","-","-","-","0","-","0","200","0.00","-","1.00","712.00","704.96","697.85","703.56","712.10","1,400","408","430"
"2022/08/12","724.0","739.0","716.0","716.0","-6.0","1,800","1,311","0","200","0.00","-","1.00","708.80","705.12","697.51","703.31","712.20","1,600","408","442"
"2022/08/10","710.0","722.0","706.0","722.0","+16.0","3,300","2,351","0","300","0.00","-","1.00","706.60","705.28","697.19","702.99","712.29","1,260","408","464"
"2022/08/09","694.0","717.0","694.0","706.0","0.0","1,900","1,334","0","300","0.00","-","0.70","701.60","705.16","697.07","702.59","712.35","600","300","420"
"2022/08/08","-","-","-","-","-","0","-","0","300","0.00","-","0.70","699.80","705.68","697.16","702.42","712.49","220","268","398"
"2022/08/05","713.0","716.0","700.0","700.0","-5.0","1,000","710","0","300","0.00","-","1.00","699.20","706.40","697.32","702.24","712.73","260","368","400"
"2022/08/04","705.0","705.0","705.0","705.0","0.0","100","71","0","200","0.00","-","1.00","698.60","706.80","697.48","702.10","712.98","60","392","388"
"2022/08/03","-","-","-","-","-","0","-","0","200","0.00","-","1.00","697.00","705.80","697.57","701.95","713.20","40","388","386"
"2022/08/02","-","-","-","-","-","0","-","0","200","0.00","-","1.00","697.00","705.12","697.77","701.88","713.46","80","392","386"
"2022/08/01","697.0","697.0","697.0","697.0","0.0","200","139","0","200","0.00","-","1.00","697.40","704.28","697.97","701.81","713.65","120","400","392"
"2022/07/29","-","-","-","-","-","0","-","0","200","0.00","-","1.00","697.80","703.44","698.23","701.69","713.89","120","400","389"
"2022/07/28","-","-","-","-","-","0","-","0","200","0.00","-","1.00","697.80","702.56","698.48","701.64","714.21","140","424","389"
"2022/07/27","700.0","700.0","697.0","697.0","-2.0","200","140","0","200","0.00","-","1.00","697.80","701.48","698.73","701.63","714.52","180","520","392"
"2022/07/26","699.0","699.0","699.0","699.0","0.0","200","140","0","200","0.00","-","1.00","701.40","700.48","699.16","701.62","714.75","140","524","389"
"2022/07/25","700.0","700.0","699.0","699.0","+2.0","200","140","0","200","0.00","-","1.00","704.60","699.20","699.56","701.58","714.95","100","592","389"
"2022/07/22","697.0","697.0","697.0","697.0","0.0","100","70","0","200","0.00","-","1.00","707.80","698.84","700.23","701.54","715.14","120","588","390"
"2022/07/21","711.0","711.0","697.0","697.0","0.0","200","141","0","200","0.00","-","1.00","708.40","698.96","700.93","701.69","715.33","100","584","401"
"2022/07/20","-","-","-","-","-","0","-","0","200","0.00","-","1.00","709.00","699.08","701.20","701.84","715.53","60","576","414"
"2022/07/19","-","-","-","-","-","0","-","0","200","0.00","-","1.00","706.00","698.48","701.80","701.83","715.61","180","576","418"
"2022/07/15","700.0","721.0","700.0","715.0","0.0","300","214","0","200","0.00","-","0.70","707.00","697.88","702.31","701.58","715.68","180","576","436"
"2022/07/14","-","-","-","-","-","0","-","0","200","0.00","-","0.70","708.00","697.28","702.77","701.36","715.86","140","608","448"
"2022/07/13","-","-","-","-","-","0","-","0","200","0.00","-","0.70","712.00","696.88","703.24","701.30","716.16","140","632","470"
"2022/07/12","705.0","705.0","700.0","700.0","0.0","600","422","0","200","0.00","-","0.80","716.00","696.80","703.64","701.24","716.46","500","644","488"
"2022/07/11","-","-","-","-","-","0","-","0","200","0.00","-","0.80","719.80","696.56","703.76","701.22","716.76","500","620","505"
"2022/07/08","720.0","720.0","720.0","720.0","0.0","100","72","0","200","0.00","-","0.80","719.60","695.52","703.47","701.15","716.88","720","620","508"
"2022/07/07","-","-","-","-","-","0","-","0","200","0.00","-","0.80","719.20","694.48","703.09","701.05","717.08","1,200","620","509"
"2022/07/06","720.0","720.0","720.0","720.0","+1.0","1,800","1,296","0","500","0.00","-","1.00","717.20","693.28","702.71","700.99","717.26","1,520","620","512"
"2022/07/05","719.0","719.0","719.0","719.0","0.0","600","431","0","500","0.00","-","1.00","709.20","692.08","702.23","700.84","717.44","1,160","552","492"
"2022/07/04","718.0","719.0","718.0","719.0","+1.0","1,100","790","0","200","0.00","-","0.80","701.40","690.92","701.73","700.77","717.63","1,060","532","488"
"2022/07/01","710.0","718.0","710.0","718.0","+8.0","2,500","1,778","0","500","0.00","-","0.80","692.80","690.16","701.33","701.33","717.75","880","488","476"
"2022/06/30","699.0","710.0","697.0","710.0","0.0","1,600","1,121","0","500","0.00","-","0.70","684.40","689.44","700.85","702.05","717.86","420","392","464"
"2022/06/29","-","-","-","-","-","0","-","0","500","0.00","-","0.70","677.40","689.04","700.53","702.85","718.06","220","328","449"
"2022/06/28","680.0","680.0","680.0","680.0","+4.0","100","68","0","200","0.00","-","1.00","675.40","689.84","700.67","703.11","718.38","700","344","461"
"2022/06/27","676.0","676.0","676.0","676.0","0.0","200","135","0","500","0.00","-","1.00","673.80","690.48","700.80","703.37","718.70","740","344","470"
"2022/06/24","676.0","676.0","676.0","676.0","+1.0","200","135","0","200","0.00","-","1.00","672.00","691.36","700.99","703.47","718.99","1,080","336","478"
"2022/06/23","672.0","675.0","670.0","675.0","+5.0","600","404","0","400","0.00","-","0.70","674.80","692.24","701.11","703.66","719.25","1,060","332","494"
"2022/06/22","662.0","670.0","660.0","670.0","-2.0","2,400","1,591","0","400","0.00","-","1.00","679.80","693.16","701.33","703.90","719.51","940","316","498"
"2022/06/21","668.0","673.0","668.0","672.0","+5.0","300","201","0","400","0.00","-","1.00","685.80","693.48","701.68","704.15","719.88","460","224","468"
"2022/06/20","670.0","678.0","666.0","667.0","-23.0","1,900","1,273","0","400","0.00","-","0.70","691.40","693.64","702.00","704.43","720.23","400","212","468"
"2022/06/17","690.0","690.0","690.0","690.0","0.0","100","69","0","400","0.00","-","0.70","698.00","694.00","702.37","704.76","720.57","20","228","442"
"2022/06/16","-","-","-","-","-","0","-","0","300","0.00","-","0.70","700.00","694.60","702.44","704.97","720.86","220","236","454"
"2022/06/15","-","-","-","-","-","0","-","0","300","0.00","-","0.70","698.00","694.60","702.60","705.08","721.12","340","244","454"
"2022/06/14","-","-","-","-","-","0","-","0","300","0.00","-","0.70","697.60","694.80","702.76","705.23","721.30","400","252","457"
"2022/06/13","-","-","-","-","-","0","-","0","300","0.00","-","0.70","696.40","695.00","702.95","705.40","721.53","400","256","474"
"2022/06/10","687.0","700.0","686.0","700.0","+10.0","1,100","762","0","200","0.00","-","0.70","695.20","695.12","702.81","705.57","721.77","400","260","485"
"2022/06/09","686.0","690.0","686.0","690.0","-8.0","600","412","0","200","0.00","-","1.00","694.00","695.24","702.72","705.72","722.08","200","244","476"
"2022/06/08","698.0","698.0","698.0","698.0","0.0","300","209","0","200","0.00","-","1.00","694.00","695.20","702.77","705.96","722.43","80","232","468"
"2022/06/07","-","-","-","-","-","0","-","0","200","0.00","-","1.00","692.40","694.84","702.72","706.12","722.75","40","248","470"
"2022/06/06","-","-","-","-","-","0","-","0","200","0.00","-","1.00","691.60","694.60","702.77","706.33","723.28","60","248","490"
"2022/06/03","694.0","694.0","694.0","694.0","0.0","100","69","0","200","0.00","-","1.30","692.80","694.36","703.03","706.54","723.53","60","256","501"
"2022/06/02","-","-","-","-","-","0","-","0","200","0.00","-","0.70","694.00","694.12","703.24","706.75","723.79","60","264","502"
"2022/06/01","690.0","690.0","690.0","690.0","0.0","100","69","0","200","0.00","-","0.70","696.00","694.12","703.56","706.92","724.06","60","300","512"
"2022/05/31","690.0","690.0","690.0","690.0","0.0","100","69","0","200","0.00","-","0.70","698.00","694.20","703.76","707.15","724.34","120","432","526"
"2022/05/30","-","-","-","-","-","0","-","0","200","0.00","-","0.70","699.20","695.12","704.05","707.32","724.69","120","428","620"
"2022/05/27","700.0","700.0","700.0","700.0","0.0","100","70","0","200","0.00","-","0.70","698.80","695.64","705.05","707.48","724.98","120","440","633"
"2022/05/26","-","-","-","-","-","0","-","0","200","0.00","-","0.70","698.40","696.12","706.25","707.57","725.19","120","440","693"
"2022/05/25","696.0","700.0","696.0","700.0","+4.0","400","280","0","200","0.00","-","1.00","698.00","696.60","707.45","707.68","725.39","160","444","769"
"2022/05/24","696.0","696.0","696.0","696.0","0.0","100","70","0","200","0.00","-","1.00","693.60","697.08","707.53","707.86","725.57","100","428","768"
"2022/05/23","-","-","-","-","-","0","-","0","200","0.00","-","1.00","689.60","697.72","707.67","708.09","725.84","80","424","778"
"2022/05/20","698.0","698.0","698.0","698.0","0.0","100","70","0","200","0.00","-","1.00","685.20","698.28","707.51","708.29","726.10","540","440","789"
"2022/05/19","698.0","698.0","698.0","698.0","+20.0","200","140","0","200","0.00","-","1.00","686.60","699.00","707.47","708.49","726.36","580","436","793"
"2022/05/18","678.0","678.0","678.0","678.0","0.0","100","68","0","200","0.00","-","1.00","687.00","699.72","707.48","708.76","726.62","580","428","792"
"2022/05/17","-","-","-","-","-","0","-","0","200","0.00","-","1.00","692.40","701.24","707.71","709.31","726.98","600","432","798"
"2022/05/16","676.0","680.0","676.0","676.0","-29.0","2,300","1,557","0","200","0.00","-","1.00","698.20","703.36","708.03","709.88","727.40","620","432","808"
"2022/05/13","700.0","705.0","700.0","705.0","+5.0","300","211","0","400","0.00","-","0.70","703.60","705.48","708.35","710.55","727.77","180","348","780"
"2022/05/12","690.0","700.0","690.0","700.0","-5.0","200","139","0","500","0.00","-","1.00","703.20","707.24","708.43","710.79","727.99","260","348","792"
"2022/05/11","705.0","705.0","705.0","705.0","0.0","200","141","0","500","0.00","-","1.00","701.00","709.24","708.57","711.07","728.17","280","376","792"
"2022/05/10","705.0","705.0","705.0","705.0","+2.0","100","71","0","500","0.00","-","1.00","697.80","709.72","708.71","711.25","728.32","380","416","798"
"2022/05/09","703.0","703.0","703.0","703.0","0.0","100","70","0","500","0.00","-","1.00","694.40","711.92","708.87","711.48","728.49","360","424","797"
"2022/05/06","689.0","703.0","682.0","703.0","+14.0","700","484","0","200","0.00","-","1.00","691.40","713.92","709.05","711.76","728.64","380","472","801"
"2022/05/02","689.0","689.0","689.0","689.0","0.0","300","207","0","200","0.00","-","1.00","688.40","715.80","709.21","712.05","728.79","300","492","793"
"2022/04/28","688.0","689.0","688.0","689.0","0.0","700","482","0","200","0.00","-","1.00","688.60","717.64","709.55","712.41","729.01","420","548","789"
"2022/04/27","-","-","-","-","-","0","-","0","400","0.00","-","1.00","689.20","719.28","709.88","712.92","729.23","960","572","782"
"2022/04/26","686.0","688.0","686.0","688.0","0.0","200","137","0","400","0.00","-","1.00","694.20","720.12","710.24","713.40","729.53","960","648","784"
"2022/04/25","683.0","688.0","683.0","688.0","-2.0","300","205","0","400","0.00","-","0.70","699.20","720.52","710.60","713.88","729.84","980","648","785"
"2022/04/22","691.0","693.0","688.0","690.0","-2.0","900","622","0","400","0.00","-","1.00","704.00","720.68","710.96","714.36","730.14","940","644","782"
"2022/04/21","688.0","692.0","686.0","692.0","0.0","3,400","2,342","0","200","0.00","-","1.00","708.40","720.72","711.19","714.81","730.33","780","616","784"
"2022/04/20","-","-","-","-","-","0","-","0","300","0.00","-","1.00","712.40","720.40","711.47","715.35","730.50","100","492","745"
"2022/04/19","713.0","713.0","713.0","713.0","+1.0","300","214","0","300","0.00","-","1.00","712.20","719.16","711.39","715.68","730.57","100","504","757"
"2022/04/18","712.0","712.0","712.0","712.0","0.0","100","71","0","300","0.00","-","1.00","712.00","718.20","711.43","716.03","730.56","120","500","782"
"2022/04/15","712.0","712.0","712.0","712.0","0.0","100","71","0","300","0.00","-","1.00","712.80","717.00","711.39","716.30","730.60","100","560","789"
"2022/04/14","-","-","-","-","-","0","-","0","200","0.00","-","1.00","713.60","715.96","711.37","716.57","730.64","80","576","790"
"2022/04/13","-","-","-","-","-","0","-","0","200","0.00","-","1.00","714.40","715.08","711.45","716.90","730.65","120","612","794"
"2022/04/12","704.0","712.0","704.0","712.0","0.0","400","284","0","200","0.00","-","1.00","717.80","714.20","711.55","717.68","730.73","120","644","797"
"2022/04/11","-","-","-","-","-","0","-","0","200","0.00","-","1.00","721.20","713.32","711.63","718.04","730.75","80","660","793"
"2022/04/08","-","-","-","-","-","0","-","0","200","0.00","-","1.00","727.80","712.08","711.65","718.36","730.75","140","716","800"
"2022/04/07","716.0","716.0","716.0","716.0","0.0","200","143","0","200","0.00","-","1.00","734.60","711.12","711.77","718.60","730.79","320","752","818"
"2022/04/06","-","-","-","-","-","0","-","0","200","0.00","-","1.00","734.80","710.32","712.00","718.84","730.83","520","748","817"
"2022/04/05","729.0","729.0","729.0","729.0","-20.0","200","146","0","200","0.00","-","1.00","741.00","709.00","712.05","719.04","730.74","580","760","822"
"2022/04/04","750.0","750.0","749.0","749.0","-1.0","300","225","0","200","0.00","-","1.00","745.80","707.64","712.24","719.24","730.69","800","752","844"
"2022/04/01","724.0","755.0","724.0","750.0","+33.0","900","664","0","200","0.00","-","1.00","746.00","705.48","711.97","719.24","730.53","980","780","845"
"2022/03/31","762.0","762.0","717.0","717.0","-43.0","1,200","901","0","200","0.00","-","0.80","743.00","703.96","711.68","719.23","730.37","1,140","744","838"
"2022/03/30","745.0","760.0","745.0","760.0","+7.0","300","225","0","200","0.00","-","1.00","745.60","703.76","711.76","719.59","730.43","1,160","704","825"
"2022/03/29","740.0","753.0","740.0","753.0","+3.0","1,300","975","0","200","0.00","-","0.80","735.40","701.92","711.33","719.52","730.28","1,480","744","826"
"2022/03/28","721.0","769.0","721.0","750.0","+15.0","1,200","894","0","200","0.00","-","1.00","724.40","699.40","711.04","719.43","730.16","1,260","724","812"
"2022/03/25","730.0","750.0","730.0","735.0","+5.0","1,700","1,256","0","200","0.00","-","0.80","712.80","697.12","710.80","719.23","730.05","1,060","692","806"
"2022/03/24","708.0","730.0","705.0","730.0","+21.0","1,300","926","0","200","0.00","-","1.00","704.00","695.48","710.67","719.27","730.01","760","624","785"
"2022/03/23","691.0","709.0","691.0","709.0","+11.0","1,900","1,338","0","200","0.00","-","1.00","694.80","694.04","710.80","719.45","729.92","560","592","781"
"2022/03/22","695.0","698.0","695.0","698.0","+6.0","200","139","0","200","0.00","-","1.00","689.40","693.60","711.16","719.84","729.97","240","576","756"
"2022/03/18","692.0","692.0","692.0","692.0","+1.0","200","138","0","200","0.00","-","1.00","687.60","694.20","711.67","720.21","730.08","240","600","754"
"2022/03/17","686.0","691.0","686.0","691.0","+7.0","200","138","0","200","0.00","-","1.00","685.60","694.92","712.25","720.64","730.21","520","600","754"
"2022/03/16","684.0","684.0","684.0","684.0","+2.0","300","205","0","200","0.00","-","1.00","684.60","695.84","712.84","721.08","730.35","580","620","753"
"2022/03/15","683.0","683.0","682.0","682.0","-7.0","300","205","0","200","0.00","-","1.00","685.80","696.68","713.67","721.58","730.52","700","656","749"
"2022/03/14","683.0","689.0","683.0","689.0","+7.0","200","137","0","200","0.00","-","1.00","687.40","697.88","714.52","722.10","730.70","800","928","746"
"2022/03/11","682.0","682.0","680.0","682.0","-4.0","1,600","1,090","0","200","0.00","-","0.70","687.60","701.32","715.31","722.55","730.83","920","960","745"
"2022/03/10","690.0","690.0","686.0","686.0","-4.0","500","344","0","200","0.00","-","0.70","688.20","705.64","716.07","723.22","731.02","880","1,080","724"
"2022/03/09","695.0","695.0","685.0","690.0","0.0","900","618","0","500","0.00","-","1.40","689.40","709.80","716.77","723.85","731.19","960","1,288","728"
"2022/03/08","690.0","700.0","689.0","690.0","0.0","800","555","0","200","0.00","-","0.70","690.60","710.44","717.51","724.44","731.33","800","1,264","746"
"2022/03/07","700.0","700.0","690.0","690.0","+5.0","800","557","0","500","0.00","-","1.00","691.80","711.08","718.84","725.03","731.47","700","1,268","776"
"2022/03/04","692.0","692.0","685.0","685.0","-7.0","1,400","963","0","500","0.00","-","1.00","692.80","710.92","719.61","725.49","731.62","540","1,268","766"
"2022/03/03","696.0","696.0","692.0","692.0","-4.0","900","624","0","200","0.00","-","1.00","694.80","711.32","720.45","726.09","731.74","460","1,228","753"
"2022/03/02","696.0","696.0","696.0","696.0","0.0","100","70","0","400","0.00","-","1.00","698.80","711.60","721.09","726.77","731.94","280","1,196","744"
"2022/03/01","695.0","696.0","695.0","696.0","0.0","300","209","0","200","0.00","-","1.00","702.00","711.56","721.68","727.41","732.12","300","1,216","744"
"2022/02/28","-","-","-","-","-","0","-","0","200","0.00","-","1.00","705.60","711.72","722.39","727.88","732.34","500","1,232","746"
"2022/02/25","697.0","697.0","691.0","695.0","0.0","1,000","693","0","200","0.00","-","1.00","704.60","711.92","723.11","728.32","732.56","660","1,240","749"
"2022/02/24","-","-","-","-","-","0","-","0","200","0.00","-","1.00","704.20","712.56","723.83","728.73","732.80","540","1,248","736"
"2022/02/22","714.0","714.0","712.0","712.0","-2.0","200","143","0","200","0.00","-","1.00","700.60","712.52","724.32","728.97","732.95","540","1,256","737"
"2022/02/21","717.0","717.0","700.0","714.0","+24.0","1,300","930","0","200","0.00","-","0.70","697.00","712.64","724.87","729.21","733.04","600","1,276","736"
"2022/02/18","693.0","693.0","690.0","690.0","-3.0","800","553","0","200","0.00","-","1.00","693.80","712.76","725.39","729.38","733.12","640","1,224","721"
"2022/02/17","694.0","694.0","693.0","693.0","0.0","400","277","0","200","0.00","-","1.00","698.40","713.84","726.11","729.78","733.32","640","1,208","716"
"2022/02/16","-","-","-","-","-","0","-","0","200","0.00","-","1.00","701.80","714.72","726.60","730.35","733.51","600","1,196","725"
"2022/02/15","694.0","694.0","694.0","694.0","-4.0","500","347","0","200","0.00","-","1.00","705.80","715.52","727.20","731.01","733.70","740","1,196","726"
"2022/02/14","700.0","700.0","697.0","698.0","-15.0","1,500","1,049","0","200","0.00","-","1.00","708.00","716.32","727.92","731.67","733.91","880","1,184","722"
"2022/02/10","710.0","715.0","706.0","713.0","+3.0","800","568","0","200","0.00","-","0.80","710.80","717.00","728.59","732.29","734.09","2,000","1,128","709"
"2022/02/09","709.0","710.0","709.0","710.0","-4.0","200","142","0","200","0.00","-","1.00","723.20","717.08","728.88","732.61","734.20","2,040","1,108","698"
"2022/02/08","705.0","714.0","701.0","714.0","+9.0","700","495","0","200","0.00","-","1.00","739.20","717.28","729.21","733.11","734.28","2,920","1,104","696"
"2022/02/07","706.0","712.0","705.0","705.0","-7.0","1,200","849","0","200","0.00","-","1.00","754.40","717.00","729.49","733.53","734.33","3,920","1,116","688"
"2022/02/04","730.0","734.0","707.0","712.0","-63.0","7,100","5,127","0","200","0.00","-","1.00","754.60","717.32","729.88","734.04","734.43","3,740","1,088","672"
"2022/02/03","770.0","790.0","770.0","775.0","-15.0","1,000","776","0","200","0.00","-","0.80","753.40","717.12","730.17","734.48","734.55","2,500","840","578"
"2022/02/02","746.0","790.0","745.0","790.0","0.0","4,600","3,506","0","200","0.00","-","0.80","735.60","714.76","729.63","734.16","734.37","2,460","888","566"
"2022/02/01","706.0","790.0","706.0","790.0","+84.0","5,700","4,248","0","200","0.00","-","1.00","716.60","711.52","729.08","733.66","734.12","1,620","728","505"
"2022/01/31","706.0","706.0","706.0","706.0","0.0","300","212","0","200","0.00","-","1.00","698.40","708.36","728.53","733.26","733.91","500","508","430"
"2022/01/28","699.0","707.0","699.0","706.0","+20.0","900","634","0","200","0.00","-","1.00","696.20","708.84","729.11","733.64","734.16","560","508","428"
"2022/01/27","687.0","687.0","686.0","686.0","-9.0","800","550","0","200","0.00","-","1.00","695.00","709.36","729.68","734.02","734.43","520","480","429"
"2022/01/26","699.0","699.0","695.0","695.0","-4.0","400","279","0","500","0.00","-","1.00","697.80","710.64","730.35","734.50","734.77","400","452","420"
"2022/01/25","699.0","699.0","699.0","699.0","+4.0","100","70","0","500","0.00","-","1.00","701.00","711.56","731.01","734.83","735.02","560","456","416"
"2022/01/24","695.0","695.0","686.0","695.0","-5.0","600","414","0","300","0.00","-","0.70","703.40","712.60","731.83","735.12","735.26","580","508","417"
"2022/01/21","699.0","700.0","699.0","700.0","0.0","700","490","0","300","0.00","-","0.70","707.40","714.12","732.69","735.60","735.61","600","488","421"
"2022/01/20","700.0","700.0","700.0","700.0","-11.0","200","140","0","300","0.00","-","1.00","710.80","715.44","733.27","736.03","735.85","460","476","434"
"2022/01/19","710.0","711.0","701.0","711.0","0.0","1,200","849","0","300","0.00","-","1.00","714.20","717.16","733.79","736.37","736.17","500","540","446"
"2022/01/18","711.0","711.0","711.0","711.0","-4.0","200","142","0","600","0.00","-","1.00","715.00","717.88","734.12","736.75","736.38","280","508","446"
"2022/01/17","716.0","716.0","715.0","715.0","0.0","700","501","0","600","0.00","-","1.00","715.60","718.56","734.45","737.15","736.58","240","516","457"
"2022/01/14","-","-","-","-","-","0","-","0","600","0.00","-","1.00","715.40","718.88","734.73","737.36","736.91","140","496","460"
"2022/01/13","715.0","717.0","715.0","717.0","+2.0","400","286","0","600","0.00","-","1.00","715.00","719.32","734.92","737.66","737.07","160","512","472"
"2022/01/12","715.0","715.0","715.0","715.0","0.0","100","72","0","600","0.00","-","1.00","714.60","719.88","735.09","737.97","737.23","140","504","477"
"2022/01/11","-","-","-","-","-","0","-","0","600","0.00","-","1.00","714.60","720.56","735.56","738.43","737.39","140","532","490"
"2022/01/07","714.0","714.0","714.0","714.0","-1.0","200","143","0","600","0.00","-","1.00","713.20","721.00","736.17","738.90","737.56","340","536","494"
"2022/01/06","715.0","715.0","715.0","715.0","0.0","100","72","0","600","0.00","-","1.00","713.00","722.04","736.79","739.37","737.71","400","568","492"
"2022/01/05","715.0","715.0","715.0","715.0","0.0","300","215","0","600","0.00","-","1.00","711.40","722.88","737.39","740.22","737.85","560","564","492"
"2022/01/04","715.0","715.0","715.0","715.0","+8.0","100","72","0","600","0.00","-","1.00","711.60","723.72","737.79","740.52","738.00","940","556","497"
"2021/12/30","713.0","715.0","707.0","707.0","-6.0","1,000","712","0","600","0.00","-","1.00","710.40","724.56","738.39","740.82","738.17","1,040","560","502"
"2021/12/29","706.0","713.0","706.0","713.0","+6.0","500","354","0","600","0.00","-","1.00","711.20","725.68","739.04","741.20","738.36","880","524","490"
"2021/12/28","708.0","708.0","707.0","707.0","-9.0","900","637","0","600","0.00","-","1.00","712.20","727.00","739.61","741.52","738.50","840","504","484"
"2021/12/27","711.0","716.0","709.0","716.0","+7.0","2,200","1,564","0","300","0.00","-","1.00","714.60","728.56","740.27","742.05","738.70","700","472","481"
"2021/12/24","711.0","711.0","709.0","709.0","-2.0","600","426","0","300","0.00","-","1.00","715.00","729.84","740.63","742.48","738.86","280","388","462"
"2021/12/23","719.0","719.0","711.0","711.0","-7.0","200","143","0","300","0.00","-","1.00","716.80","731.04","741.04","742.80","739.05","260","364","461"
"2021/12/22","710.0","718.0","710.0","718.0","-1.0","300","215","0","300","0.00","-","1.00","719.60","732.16","741.56","743.10","739.22","500","388","469"
"2021/12/21","720.0","720.0","719.0","719.0","+1.0","200","144","0","300","0.00","-","1.00","722.60","733.24","741.91","743.27","739.35","460","468","466"
"2021/12/20","718.0","718.0","718.0","718.0","0.0","100","72","0","300","0.00","-","1.00","725.40","736.08","742.24","743.58","739.47","500","580","466"
"2021/12/17","725.0","725.0","709.0","718.0","-7.0","500","359","0","300","0.00","-","1.00","730.40","737.28","742.45","743.91","739.60","840","580","468"
"2021/12/16","720.0","725.0","720.0","725.0","-8.0","1,400","1,009","0","300","0.00","-","1.00","732.60","738.48","742.59","744.23","739.73","820","576","461"
"2021/12/15","733.0","733.0","733.0","733.0","0.0","100","73","0","300","0.00","-","1.00","733.20","739.08","742.63","744.48","739.83","620","528","445"
"2021/12/14","724.0","733.0","722.0","733.0","-10.0","400","290","0","400","0.00","-","1.00","731.20","739.36","742.76","744.65","739.81","640","528","444"
"2021/12/13","727.0","744.0","726.0","743.0","+14.0","1,800","1,318","0","400","0.00","-","1.00","730.20","740.00","742.89","744.92","739.82","640","532","441"
"2021/12/10","728.0","729.0","728.0","729.0","+1.0","400","291","0","300","0.00","-","1.00","727.80","740.24","742.77","744.99","739.77","320","468","418"
"2021/12/09","722.0","728.0","722.0","728.0","+5.0","400","290","0","300","0.00","-","1.00","728.40","741.04","743.04","745.19","739.80","400","452","414"
"2021/12/08","726.0","726.0","723.0","723.0","-5.0","200","145","0","300","0.00","-","1.00","727.80","741.88","743.35","745.26","739.89","340","440","440"
"2021/12/07","721.0","728.0","712.0","728.0","-3.0","400","288","0","500","0.00","-","1.00","731.20","743.08","743.52","745.38","739.90","500","436","442"
"2021/12/06","731.0","731.0","731.0","731.0","-1.0","200","146","0","500","0.00","-","1.00","732.80","744.08","743.77","745.50","739.93","420","428","446"
"2021/12/03","725.0","735.0","705.0","732.0","+7.0","800","575","0","400","0.00","-","1.00","733.80","744.60","744.00","745.52","740.01","400","436","454"
"2021/12/02","725.0","725.0","725.0","725.0","-15.0","100","73","0","400","0.00","-","1.00","734.60","744.52","744.39","745.53","740.09","280","448","446"
"2021/12/01","736.0","740.0","730.0","740.0","0.0","1,000","734","0","400","0.00","-","1.00","736.60","745.08","744.87","745.61","740.22","280","448","446"
"2021/11/30","-","-","-","-","-","0","-","0","400","0.00","-","1.00","737.80","745.40","745.15","745.54","740.25","80","416","468"
"2021/11/29","736.0","736.0","736.0","736.0","0.0","100","74","0","400","0.00","-","1.00","739.80","745.88","746.00","745.66","740.16","100","436","490"
"2021/11/26","735.0","736.0","735.0","736.0","+1.0","200","147","0","400","0.00","-","1.00","742.20","745.84","746.12","745.80","740.11","100","432","489"
"2021/11/25","735.0","735.0","735.0","735.0","0.0","100","74","0","500","0.00","-","1.00","742.80","745.80","746.24","745.92","740.06","60","424","489"
"2021/11/24","-","-","-","-","-","0","-","0","500","0.00","-","1.00","743.60","745.80","746.37","745.85","739.94","200","424","489"
"2021/11/22","746.0","746.0","746.0","746.0","-2.0","100","75","0","500","0.00","-","1.00","743.40","745.32","746.36","745.65","739.82","660","424","496"
"2021/11/19","748.0","748.0","748.0","748.0","0.0","100","75","0","500","0.00","-","1.00","752.20","744.84","746.55","745.45","739.69","1,240","424","498"
"2021/11/18","-","-","-","-","-","0","-","0","500","0.00","-","1.00","752.20","744.28","746.69","745.08","739.59","1,240","424","521"
"2021/11/17","745.0","749.0","733.0","739.0","-6.0","800","594","0","500","0.00","-","1.00","754.00","744.68","746.72","744.89","739.47","1,320","424","521"
"2021/11/16","760.0","760.0","740.0","745.0","-45.0","2,300","1,729","0","500","0.00","-","0.80","754.20","745.08","746.75","744.70","739.35","1,200","396","512"
"2021/11/15","749.0","790.0","749.0","790.0","+42.0","3,000","2,311","0","500","0.00","-","1.00","753.20","745.24","746.61","744.40","739.19","760","308","482"
"2021/11/12","748.0","748.0","748.0","748.0","0.0","100","75","0","600","0.00","-","1.00","745.00","743.60","746.08","743.77","738.80","260","228","446"
"2021/11/11","734.0","748.0","734.0","748.0","+8.0","400","296","0","500","0.00","-","0.80","745.20","743.12","746.12","743.45","738.70","280","228","453"
"2021/11/10","749.0","749.0","740.0","740.0","0.0","200","149","0","500","0.00","-","0.80","745.40","743.00","746.15","743.13","738.53","200","216","452"
"2021/11/09","740.0","740.0","740.0","740.0","-9.0","100","74","0","500","0.00","-","1.00","747.20","743.80","746.28","742.97","738.45","180","216","449"
"2021/11/08","749.0","749.0","749.0","749.0","0.0","500","375","0","500","0.00","-","1.00","749.80","744.60","746.41","742.81","738.33","180","248","454"
"2021/11/05","749.0","749.0","749.0","749.0","0.0","200","150","0","400","0.00","-","1.00","750.60","744.36","746.56","742.44","738.17","120","296","450"
"2021/11/04","-","-","-","-","-","0","-","0","200","0.00","-","1.00","749.60","743.96","746.57","742.13","738.05","160","332","454"
"2021/11/02","749.0","749.0","749.0","749.0","-4.0","100","75","0","300","0.00","-","1.00","745.80","743.44","746.57","741.82","737.96","380","380","461"
"2021/11/01","753.0","753.0","753.0","753.0","0.0","100","75","0","300","0.00","-","1.00","743.80","742.92","746.39","741.51","737.83","380","416","460"
"2021/10/29","744.0","753.0","744.0","753.0","+9.0","200","150","0","300","0.00","-","1.00","742.80","742.24","746.15","741.27","737.68","400","448","461"
"2021/10/28","744.0","744.0","731.0","744.0","+14.0","400","296","0","200","0.00","-","0.80","741.80","741.36","745.97","741.03","737.47","460","476","482"
"2021/10/27","739.0","740.0","730.0","730.0","-9.0","1,100","809","0","200","0.00","-","1.00","740.00","740.80","745.83","740.89","737.37","380","492","477"
"2021/10/26","739.0","739.0","739.0","739.0","-9.0","100","74","0","200","0.00","-","1.00","741.00","741.60","745.87","740.86","737.33","160","492","462"
"2021/10/25","759.0","759.0","748.0","748.0","0.0","200","151","0","300","0.00","-","1.00","740.20","742.44","745.79","740.74","737.24","160","500","461"
"2021/10/22","733.0","748.0","733.0","748.0","0.0","500","370","0","200","0.00","-","1.00","737.40","742.92","745.59","740.38","737.05","120","492","465"
"2021/10/21","-","-","-","-","-","0","-","0","200","0.00","-","1.00","734.60","743.40","745.59","740.10","736.84","40","476","469"
"2021/10/20","-","-","-","-","-","0","-","0","200","0.00","-","0.90","734.40","743.80","745.79","739.95","736.76","60","504","560"
"2021/10/19","735.0","735.0","735.0","735.0","0.0","100","74","0","200","0.00","-","1.40","737.20","744.80","745.96","739.78","736.63","60","524","576"
"2021/10/18","-","-","-","-","-","0","-","0","200","0.00","-","0.90","740.00","745.64","745.87","739.61","736.54","60","524","577"
"2021/10/15","734.0","734.0","734.0","734.0","0.0","100","73","0","200","0.00","-","0.90","743.00","746.52","745.76","739.45","736.48","80","524","577"
"2021/10/14","734.0","734.0","734.0","734.0","0.0","100","73","0","300","0.00","-","1.40","746.00","747.40","745.65","739.29","736.44","260","548","596"
"2021/10/13","-","-","-","-","-","0","-","0","300","0.00","-","0.90","746.40","747.76","745.35","739.11","736.34","260","576","597"
"2021/10/12","749.0","749.0","749.0","749.0","0.0","100","75","0","300","0.00","-","0.90","745.60","747.40","744.96","738.82","736.19","280","596","597"
"2021/10/11","749.0","749.0","749.0","749.0","0.0","100","75","0","300","0.00","-","0.90","747.80","747.44","744.57","738.53","736.09","300","624","598"
"2021/10/08","736.0","750.0","730.0","749.0","+13.0","1,000","737","0","300","0.00","-","0.90","750.00","747.24","744.12","738.22","735.99","460","624","600"
"2021/10/07","736.0","736.0","736.0","736.0","-9.0","100","74","0","400","0.00","-","0.90","748.80","747.04","743.83","737.91","735.91","600","592","597"
"2021/10/06","745.0","745.0","745.0","745.0","-15.0","100","75","0","400","0.00","-","0.70","749.40","746.96","743.56","737.75","735.89","800","596","596"
"2021/10/05","760.0","760.0","760.0","760.0","0.0","200","152","0","400","0.00","-","0.70","747.60","746.28","743.17","737.38","735.82","1,020","592","596"
"2021/10/04","750.0","760.0","750.0","760.0","+17.0","900","678","0","400","0.00","-","0.90","742.80","745.00","742.69","737.10","735.68","1,180","592","594"
"2021/10/01","769.0","770.0","743.0","743.0","+4.0","1,700","1,293","0","400","0.00","-","0.90","738.00","744.32","742.21","736.82","735.48","1,180","556","592"
"2021/09/30","766.0","766.0","739.0","739.0","+3.0","1,100","827","0","500","0.00","-","0.90","735.60","744.32","741.80","736.79","735.42","1,020","496","588"
"2021/09/29","777.0","777.0","736.0","736.0","0.0","1,200","912","0","200","0.00","-","0.90","733.80","744.12","741.52","736.80","735.37","960","456","574"
"2021/09/28","759.0","759.0","736.0","736.0","0.0","1,000","747","0","200","0.00","-","0.90","736.60","744.64","741.28","736.86","735.27","940","412","558"
"2021/09/27","750.0","750.0","736.0","736.0","+5.0","900","669","0","300","0.00","-","0.90","741.40","745.24","741.04","736.92","735.16","800","464","552"
"2021/09/24","767.0","767.0","731.0","731.0","+1.0","900","675","0","200","0.00","-","0.70","746.20","745.24","740.95","736.86","735.06","620","444","541"
"2021/09/22","760.0","760.0","730.0","730.0","-20.0","800","596","0","200","0.00","-","0.70","752.00","745.88","740.92","736.85","734.98","460","436","536"
"2021/09/21","745.0","750.0","735.0","750.0","-10.0","1,100","814","0","200","0.00","-","0.70","755.00","746.60","740.92","736.85","734.98","440","436","530"
"2021/09/17","760.0","760.0","760.0","760.0","0.0","300","228","0","200","0.00","-","1.40","757.00","747.04","740.61","736.66","734.88","320","400","517"
"2021/09/16","-","-","-","-","-","0","-","0","200","0.00","-","0.70","756.20","747.08","740.17","736.39","734.74","280","392","518"
"2021/09/15","760.0","760.0","760.0","760.0","+15.0","100","76","0","200","0.00","-","0.90","755.40","747.12","739.53","736.14","734.59","280","496","521"
"2021/09/14","760.0","760.0","745.0","745.0","-15.0","700","525","0","200","0.00","-","0.70","754.60","748.72","739.00","735.89","734.43","400","560","521"
"2021/09/13","750.0","760.0","750.0","760.0","+4.0","500","379","0","200","0.00","-","0.90","754.20","748.72","738.67","735.79","734.35","420","532","514"
"2021/09/10","756.0","756.0","756.0","756.0","0.0","100","76","0","200","0.00","-","1.40","750.20","748.12","738.11","735.44","734.25","420","520","508"
"2021/09/09","-","-","-","-","-","0","-","0","200","0.00","-","0.90","749.00","747.68","737.60","735.13","734.14","560","520","506"
"2021/09/08","746.0","756.0","746.0","756.0","+13.0","700","525","0","200","0.00","-","0.90","746.60","747.24","737.09","734.82","734.04","580","540","506"
"2021/09/07","740.0","743.0","730.0","743.0","+3.0","800","593","0","200","0.00","-","0.70","744.20","747.40","736.59","734.62","733.97","480","524","504"
"2021/09/06","735.0","746.0","735.0","740.0","-10.0","500","369","0","200","0.00","-","0.70","742.40","748.04","736.23","734.58","734.01","360","564","496"
"2021/09/03","750.0","750.0","750.0","750.0","+6.0","800","600","0","200","0.00","-","0.90","740.00","748.08","735.96","734.57","733.86","260","544","489"
"2021/09/02","744.0","744.0","744.0","744.0","0.0","100","74","0","200","0.00","-","0.90","735.60","747.72","735.56","734.56","733.69","140","516","484"
"2021/09/01","745.0","745.0","744.0","744.0","+10.0","200","149","0","200","0.00","-","0.90","735.40","747.36","735.21","734.67","733.53","120","516","482"
"2021/08/31","740.0","740.0","734.0","734.0","0.0","200","147","0","200","0.00","-","1.40","735.20","747.60","734.87","734.83","733.35","120","520","485"
"2021/08/30","-","-","-","-","-","0","-","0","200","0.00","-","0.90","735.20","748.28","734.68","735.03","733.28","100","536","490"
"2021/08/27","728.0","728.0","728.0","728.0","0.0","200","146","0","200","0.00","-","1.40","739.40","749.16","734.41","735.21","733.14","120","548","506"
"2021/08/26","-","-","-","-","-","0","-","0","200","0.00","-","0.90","744.00","750.04","734.47","735.39","733.00","540","540","510"
"2021/08/25","739.0","743.0","739.0","743.0","+9.0","200","148","0","200","0.00","-","0.90","742.60","750.32","734.32","735.61","732.87","620","560","513"
"2021/08/24","734.0","734.0","734.0","734.0","-15.0","100","73","0","200","0.00","-","0.90","743.40","751.00","734.28","735.67","732.74","720","560","520"
"2021/08/23","749.0","749.0","749.0","749.0","-2.0","100","75","0","200","0.00","-","0.90","746.20","751.64","734.36","735.96","732.66","860","576","541"
"2021/08/20","726.0","751.0","726.0","751.0","+15.0","2,300","1,696","0","300","0.00","-","0.90","748.60","751.64","734.27","736.00","732.49","880","592","542"
"2021/08/19","737.0","737.0","736.0","736.0","-11.0","400","295","0","400","0.00","-","0.90","750.60","751.00","734.15","736.01","732.28","440","500","518"
"2021/08/18","746.0","748.0","740.0","747.0","-1.0","700","520","0","200","0.00","-","0.90","755.60","750.96","734.07","736.45","732.14","880","492","514"
"2021/08/17","743.0","750.0","743.0","748.0","-13.0","800","596","0","200","0.00","-","0.90","766.20","750.68","733.84","736.48","731.91","1,080","536","514"
"2021/08/16","761.0","761.0","761.0","761.0","0.0","200","152","0","700","0.00","-","0.90","765.60","750.08","733.60","736.48","731.75","920","504","506"
"2021/08/13","761.0","761.0","761.0","761.0","0.0","100","76","0","200","0.00","-","0.90","762.40","748.96","733.20","736.35","731.53","920","496","505"
"2021/08/12","804.0","804.0","745.0","761.0","-39.0","2,600","1,969","0","200","0.00","-","0.70","759.20","747.84","732.83","736.22","731.35","920","492","524"
"2021/08/11","750.0","805.0","750.0","800.0","0.0","1,700","1,349","0","200","0.00","-","1.40","756.00","746.72","732.48","736.04","731.23","500","408","489"
"2021/08/10","-","-","-","-","-","0","-","0","200","0.00","-","0.90","748.00","744.64","731.61","735.47","730.91","220","372","469"
"2021/08/06","745.0","745.0","745.0","745.0","0.0","200","149","0","200","0.00","-","1.40","750.80","744.84","731.48","735.47","730.86","580","644","476"
"2021/08/05","745.0","745.0","745.0","745.0","0.0","100","75","0","300","0.00","-","1.40","750.00","744.96","731.21","735.51","730.81","540","684","474"
"2021/08/04","760.0","760.0","745.0","745.0","-15.0","500","374","0","300","0.00","-","1.40","749.20","744.28","730.95","735.51","730.76","540","688","473"
"2021/08/03","759.0","760.0","759.0","760.0","+1.0","300","228","0","200","0.00","-","1.40","747.20","743.52","730.68","735.47","730.71","460","668","470"
"2021/08/02","741.0","760.0","741.0","759.0","0.0","1,800","1,346","0","200","0.00","-","1.40","745.20","742.16","730.36","735.34","730.54","460","716","468"
"2021/06/30","728.0","748.0","728.0","748.0","+20.0","1,200","888","0","200","0.00","-","-","727.80","722.44","732.35","734.41","729.76","620","368","509"
"2021/06/29","728.0","728.0","728.0","728.0","0.0","200","146","0","200","0.00","-","-","722.20","721.24","732.36","734.19","729.70","380","320","496"
"2021/06/28","-","-","-","-","-","0","-","0","200","0.00","-","-","720.60","720.84","732.59","734.03","729.77","380","312","496"
"2021/06/25","711.0","735.0","711.0","726.0","+15.0","1,500","1,091","0","200","0.00","-","-","718.40","720.52","732.79","733.99","729.83","420","312","522"
"2021/06/24","705.0","711.0","705.0","711.0","0.0","200","142","0","300","0.00","-","-","718.60","720.20","733.07","733.93","729.90","280","272","512"
"2021/06/23","-","-","-","-","-","0","-","0","300","0.00","-","-","719.60","720.40","733.56","734.09","729.99","240","272","510"
"2021/06/22","715.0","720.0","715.0","720.0","+5.0","200","144","0","300","0.00","-","-","718.80","720.40","733.93","734.04","730.08","260","272","517"
"2021/06/21","727.0","727.0","715.0","715.0","-12.0","200","144","0","300","0.00","-","-","719.60","720.40","734.25","733.99","730.16","240","280","517"
"2021/06/18","716.0","727.0","708.0","727.0","0.0","800","573","0","300","0.00","-","-","721.40","720.52","734.64","733.97","730.25","340","272","516"
"2021/06/17","-","-","-","-","-","0","-","0","400","0.00","-","-","718.40","720.16","734.87","733.83","730.35","460","256","557"
"2021/06/16","716.0","716.0","716.0","716.0","-8.0","100","72","0","400","0.00","-","-","718.80","720.32","735.24","733.94","730.47","480","280","560"
"2021/06/15","724.0","724.0","724.0","724.0","0.0","100","72","0","400","0.00","-","-","719.20","720.00","735.61","733.92","730.57","460","324","560"
"2021/06/14","713.0","726.0","712.0","724.0","+12.0","700","503","0","400","0.00","-","-","718.00","720.32","735.88","733.92","730.75","540","340","564"
"2021/06/11","718.0","735.0","712.0","712.0","-6.0","1,400","1,011","0","400","0.00","-","-","719.00","720.64","735.96","733.85","730.80","420","320","574"
"2021/06/10","718.0","718.0","718.0","718.0","0.0","100","72","0","500","0.00","-","-","722.40","721.76","736.25","733.90","730.92","240","292","558"
"2021/06/09","-","-","-","-","-","0","-","0","500","0.00","-","-","724.80","722.64","736.47","733.96","731.10","300","356","561"
"2021/06/08","718.0","718.0","718.0","718.0","-11.0","500","359","0","500","0.00","-","-","726.60","723.60","736.68","734.10","731.26","320","364","564"
"2021/06/07","729.0","729.0","729.0","729.0","0.0","100","73","0","200","0.00","-","-","728.40","724.56","737.07","734.15","731.42","300","364","562"
"2021/06/04","729.0","729.0","728.0","729.0","-1.0","500","364","0","200","0.00","-","-","725.00","724.60","737.01","734.09","731.53","320","364","564"
"2021/06/03","727.0","730.0","727.0","730.0","+3.0","400","291","0","200","0.00","-","-","723.20","724.64","737.08","733.91","731.56","240","372","561"
"2021/06/02","727.0","727.0","727.0","727.0","0.0","100","73","0","500","0.00","-","-","721.20","724.64","737.29","733.84","731.59","200","364","564"
"2021/06/01","716.0","727.0","712.0","727.0","+15.0","400","287","0","500","0.00","-","-","719.40","724.80","737.59","733.80","731.63","180","364","564"
"2021/05/31","712.0","712.0","712.0","712.0","-8.0","200","142","0","500","0.00","-","-","717.60","725.04","737.89","733.73","731.68","100","408","593"
"2021/05/28","720.0","720.0","720.0","720.0","0.0","100","72","0","200","0.00","-","-","718.80","725.96","738.35","733.72","731.82","60","400","606"
"2021/05/27","720.0","720.0","720.0","720.0","0.0","200","144","0","400","0.00","-","-","718.40","726.56","738.32","733.57","731.94","140","404","608"
"2021/05/26","-","-","-","-","-","0","-","0","400","0.00","-","-","717.60","727.16","738.40","733.56","732.09","140","416","606"
"2021/05/25","-","-","-","-","-","0","-","0","400","0.00","-","-","718.00","727.44","738.51","733.48","732.19","140","420","614"
"2021/05/24","-","-","-","-","-","0","-","0","400","0.00","-","-","718.40","727.72","738.43","733.46","732.33","220","420","620"
"2021/05/21","716.0","718.0","716.0","718.0","+2.0","500","358","0","400","0.00","-","-","718.40","728.00","738.48","733.51","732.47","220","432","624"
"2021/05/20","720.0","720.0","716.0","716.0","0.0","200","144","0","300","0.00","-","-","718.40","728.72","738.51","733.58","732.65","200","416","629"
"2021/05/19","-","-","-","-","-","0","-","0","300","0.00","-","-","719.20","729.64","738.65","733.57","732.84","280","408","646"
"2021/05/18","718.0","720.0","718.0","720.0","0.0","400","288","0","300","0.00","-","-","716.80","730.40","738.59","733.55","733.01","520","456","680"
"2021/05/17","-","-","-","-","-","0","-","0","300","0.00","-","-","719.20","731.56","738.52","733.65","733.18","540","444","680"
"2021/05/14","719.0","719.0","718.0","718.0","-2.0","400","287","0","300","0.00","-","-","722.00","733.04","738.45","733.76","733.36","580","480","682"
"2021/05/13","707.0","720.0","707.0","720.0","+12.0","600","426","0","200","0.00","-","-","726.40","734.72","738.39","733.90","733.66","640","500","705"
"2021/05/12","717.0","717.0","708.0","708.0","-24.0","1,200","858","0","300","0.00","-","-","730.40","736.08","738.48","734.02","733.95","860","496","708"
"2021/05/11","732.0","732.0","731.0","732.0","0.0","500","366","0","200","0.00","-","-","737.20","737.60","738.56","734.26","734.30","660","456","710"
"2021/05/10","739.0","739.0","732.0","732.0","-8.0","200","147","0","200","0.00","-","-","739.20","738.16","738.45","734.26","734.51","660","452","716"
"2021/05/07","740.0","740.0","728.0","740.0","0.0","700","513","0","200","0.00","-","-","738.80","739.48","738.25","734.14","734.77","640","460","713"
"2021/04/30","742.0","742.0","742.0","742.0","0.0","200","148","0","200","0.00","-","-","734.80","740.76","737.73","733.94","735.26","340","396","701"
"2021/04/28","721.0","742.0","721.0","742.0","+12.0","500","364","0","200","0.00","-","-","732.60","741.20","737.60","733.67","735.41","320","396","705"
"2021/04/27","730.0","730.0","730.0","730.0","0.0","100","73","0","400","0.00","-","-","730.80","741.60","737.35","733.40","735.45","520","384","702"
"2021/04/26","723.0","730.0","723.0","730.0","0.0","700","510","0","200","0.00","-","-","731.80","743.60","737.25","733.26","735.61","500","504","706"
"2021/04/23","731.0","731.0","730.0","730.0","-1.0","200","146","0","300","0.00","-","-","732.80","744.40","737.00","733.11","735.88","400","484","701"
"2021/04/22","731.0","731.0","731.0","731.0","-2.0","100","73","0","400","0.00","-","-","733.80","745.12","736.91","733.11","735.98","460","596","701"
"2021/04/21","740.0","740.0","719.0","733.0","0.0","1,500","1,093","0","400","0.00","-","-","732.60","745.80","736.80","733.10","736.00","460","612","702"
"2021/04/20","-","-","-","-","-","0","-","0","400","0.00","-","-","731.00","746.40","736.63","733.09","735.98","160","580","713"
"2021/04/19","735.0","735.0","735.0","735.0","0.0","200","147","0","400","0.00","-","-","729.00","746.72","736.31","733.03","735.93","220","756","721"
"2021/04/16","725.0","735.0","720.0","735.0","+10.0","500","362","0","200","0.00","-","-","729.20","747.04","735.91","732.97","735.86","200","752","729"
"2021/04/15","725.0","725.0","725.0","725.0","0.0","100","73","0","200","0.00","-","-","730.00","747.44","735.69","732.91","735.72","100","744","726"
"2021/04/14","-","-","-","-","-","0","-","0","500","0.00","-","-","732.80","748.40","735.49","733.05","735.63","320","748","738"
"2021/04/13","739.0","739.0","724.0","725.0","-11.0","300","219","0","500","0.00","-","-","737.60","749.20","735.37","733.15","735.51","340","756","762"
"2021/04/12","736.0","736.0","736.0","736.0","0.0","100","74","0","500","0.00","-","-","743.60","749.84","735.35","733.26","735.40","460","824","818"
"2021/04/09","-","-","-","-","-","0","-","0","500","0.00","-","-","748.40","750.28","735.20","733.32","735.34","620","848","833"
"2021/04/08","731.0","754.0","731.0","739.0","-10.0","1,200","883","0","500","0.00","-","-","751.40","750.64","734.88","733.43","735.26","720","852","834"
"2021/04/07","749.0","749.0","749.0","749.0","-6.0","100","75","0","200","0.00","-","-","752.80","751.00","734.60","733.15","735.17","520","824","834"
"2021/04/06","760.0","760.0","754.0","755.0","-5.0","900","680","0","200","0.00","-","-","752.20","750.80","734.35","732.81","735.01","580","828","844"
"2021/04/05","760.0","760.0","760.0","760.0","+6.0","900","684","0","200","0.00","-","-","754.20","750.36","734.00","732.38","734.69","480","796","868"
"2021/04/02","753.0","754.0","753.0","754.0","+8.0","500","377","0","200","0.00","-","-","752.00","749.72","733.63","731.86","734.44","440","916","857"
"2021/04/01","746.0","746.0","746.0","746.0","0.0","200","149","0","200","0.00","-","-","753.80","749.32","733.33","731.52","734.27","360","904","856"
"2021/03/31","735.0","746.0","731.0","746.0","-19.0","400","295","0","200","0.00","-","-","755.20","749.24","733.15","731.06","734.08","360","900","856"
"2021/03/30","765.0","765.0","765.0","765.0","+16.0","400","306","0","200","0.00","-","-","756.40","749.16","732.96","730.61","733.86","320","900","856"
"2021/03/29","749.0","749.0","749.0","749.0","-14.0","700","524","0","200","0.00","-","-","759.40","747.76","732.36","730.12","733.61","860","944","857"
"2021/03/26","763.0","763.0","763.0","763.0","+10.0","100","76","0","200","0.00","-","-","759.60","747.16","732.11","729.81","733.37","760","924","852"
"2021/03/25","753.0","753.0","753.0","753.0","+1.0","200","151","0","200","0.00","-","-","756.60","746.00","731.67","729.36","733.06","1,340","932","914"
"2021/03/24","775.0","775.0","752.0","752.0","-28.0","200","153","0","300","0.00","-","-","755.60","745.24","731.16","728.97","732.81","1,400","932","913"
"2021/03/23","750.0","780.0","750.0","780.0","+30.0","3,100","2,356","0","400","0.00","-","-","754.80","745.04","730.67","728.54","732.57","1,500","940","928"
"2021/03/22","743.0","750.0","743.0","750.0","+2.0","200","149","0","400","0.00","-","-","747.40","742.84","729.81","727.83","732.18","1,760","824","910"
"2021/03/19","750.0","755.0","748.0","748.0","0.0","3,000","2,250","0","400","0.00","-","-","746.00","742.20","729.35","727.34","732.08","1,740","828","913"
"2021/03/18","748.0","748.0","735.0","748.0","0.0","500","371","0","200","0.00","-","-","745.40","742.12","729.11","727.02","732.04","1,200","732","876"
"2021/03/17","741.0","748.0","741.0","748.0","+5.0","700","522","0","300","0.00","-","-","745.60","742.16","728.87","726.70","731.96","1,140","716","878"
"2021/03/16","747.0","756.0","743.0","743.0","0.0","4,400","3,303","0","200","0.00","-","-","745.00","742.24","728.65","726.47","731.79","1,040","792","878"
"2021/03/15","743.0","743.0","743.0","743.0","-2.0","100","74","0","300","0.00","-","-","744.60","742.36","728.47","726.42","731.50","560","664","820"
"2021/03/12","748.0","748.0","745.0","745.0","-4.0","300","224","0","200","0.00","-","-","745.40","741.36","728.28","726.34","731.18","680","668","820"
"2021/03/11","745.0","749.0","745.0","749.0","+4.0","200","149","0","300","0.00","-","-","746.00","740.60","728.07","726.24","730.93","640","660","822"
"2021/03/10","749.0","749.0","745.0","745.0","+4.0","200","149","0","300","0.00","-","-","745.80","739.68","727.93","726.10","730.66","700","676","853"
"2021/03/09","746.0","750.0","735.0","741.0","-6.0","2,000","1,492","0","300","0.00","-","-","745.60","738.36","727.80","726.00","730.36","700","684","853"
"2021/03/08","748.0","748.0","733.0","747.0","-1.0","700","521","0","300","0.00","-","-","746.20","737.60","727.73","725.94","729.97","320","616","828"
"2021/03/05","748.0","748.0","748.0","748.0","0.0","100","75","0","100","0.00","-","-","745.60","736.52","727.67","725.74","729.60","960","624","824"
"2021/03/04","744.0","748.0","732.0","748.0","+4.0","500","370","0","100","0.00","-","-","744.80","735.68","727.69","725.69","729.29","980","680","890"
"2021/03/03","744.0","744.0","744.0","744.0","0.0","200","149","0","200","0.00","-","-","744.00","734.36","727.20","725.56","729.04","900","760","897"
"2021/03/02","744.0","744.0","744.0","744.0","0.0","100","74","0","100","0.00","-","-","744.00","733.20","726.81","725.57","728.81","940","768","905"
"2021/03/01","745.0","750.0","744.0","744.0","0.0","3,900","2,912","0","100","0.00","-","-","741.20","731.96","726.39","725.58","728.46","1,220","772","913"
"2021/02/26","744.0","744.0","744.0","744.0","0.0","200","149","0","100","0.00","-","-","739.20","730.72","725.91","725.45","728.09","480","700","864"
"2021/02/25","744.0","744.0","744.0","744.0","0.0","100","74","0","0","0.00","-","-","737.20","730.04","725.59","725.32","727.69","500","724","877"
"2021/02/24","743.0","744.0","743.0","744.0","+14.0","400","297","0","200","0.00","-","-","735.20","728.84","725.00","725.19","727.36","520","776","878"
"2021/02/22","726.0","745.0","717.0","730.0","-4.0","1,500","1,092","0","200","0.00","-","-","735.80","728.04","724.43","725.06","727.04","520","796","880"
"2021/02/19","734.0","734.0","734.0","734.0","0.0","200","147","0","200","0.00","-","-","734.80","727.52","724.24","725.07","726.81","260","736","866"
"2021/02/18","734.0","740.0","734.0","734.0","0.0","300","221","0","300","0.00","-","-","734.80","726.84","724.03","725.04","726.57","280","768","874"
"2021/02/17","747.0","747.0","734.0","734.0","-13.0","200","148","0","300","0.00","-","-","737.20","726.44","723.81","725.19","726.35","340","776","877"
"2021/02/16","747.0","747.0","739.0","747.0","+22.0","400","298","100","0","0.00","0.00","-","740.20","726.36","723.55","725.34","726.11","320","788","882"
"2021/02/15","725.0","725.0","725.0","725.0","-9.0","200","145","0","300","0.00","-","-","740.80","725.40","723.04","725.36","725.82","760","784","884"
"2021/02/12","746.0","749.0","734.0","734.0","-12.0","300","223","0","0","0.00","-","-","745.00","725.32","722.83","725.55","725.70","960","792","882"
"2021/02/10","745.0","746.0","730.0","746.0","-3.0","600","444","0","300","0.00","-","-","741.80","724.40","722.39","725.65","725.44","940","792","885"
"2021/02/09","749.0","749.0","749.0","749.0","-1.0","100","75","0","300","0.00","-","-","737.80","723.48","721.99","725.67","725.11","840","776","877"
"2021/02/08","731.0","760.0","731.0","750.0","+4.0","2,600","1,953","0","300","0.00","-","-","733.20","722.44","721.55","725.46","724.83","940","780","880"
"2021/02/05","718.0","746.0","718.0","746.0","+28.0","1,200","877","0","300","0.00","-","-","725.60","721.24","721.21","725.24","724.52","500","768","846"
"2021/02/04","726.0","726.0","718.0","718.0","-8.0","200","144","0","200","0.00","-","-","720.80","719.84","721.11","725.02","724.21","320","744","837"
"2021/02/03","726.0","726.0","726.0","726.0","0.0","100","73","0","200","0.00","-","-","721.20","719.32","721.33","725.08","724.05","460","768","836"
"2021/02/02","715.0","726.0","715.0","726.0","+14.0","600","433","0","200","0.00","-","-","721.40","719.04","721.45","725.11","723.81","740","776","837"
"2021/02/01","713.0","713.0","712.0","712.0","-10.0","400","285","0","200","0.00","-","-","719.20","718.40","721.57","725.20","723.58","1,120","792","830"
"2021/01/29","720.0","722.0","720.0","722.0","+2.0","300","216","0","300","0.00","-","-","719.80","718.56","721.88","725.50","723.42","1,120","848","825"
"2021/01/28","717.0","720.0","713.0","720.0","-7.0","900","643","0","200","0.00","-","-","718.00","718.60","722.05","725.67","723.05","1,100","1,016","822"
"2021/01/27","725.0","727.0","723.0","727.0","+12.0","1,500","1,088","0","200","0.00","-","-","716.60","718.80","722.15","725.86","722.64","1,340","1,028","832"
"2021/01/26","706.0","715.0","688.0","715.0","0.0","2,500","1,751","0","200","0.00","-","-","716.60","718.32","722.36","725.88","722.36","1,200","972","821"
"2021/01/25","710.0","715.0","710.0","715.0","+2.0","400","285","0","200","0.00","-","-","716.40","718.44","722.63","726.12","722.09","980","920","790"
"2021/01/22","713.0","713.0","713.0","713.0","0.0","200","143","0","200","0.00","-","-","718.20","719.04","723.03","726.32","722.01","1,080","936","790"
"2021/01/21","716.0","724.0","713.0","713.0","-14.0","2,100","1,503","0","1,000","0.00","-","-","719.00","719.68","723.45","726.52","721.94","1,040","1,036","794"
"2021/01/20","714.0","727.0","714.0","727.0","+13.0","800","575","0","100","0.00","-","-","719.80","720.44","723.69","726.87","721.97","820","956","766"
"2021/01/19","723.0","723.0","707.0","714.0","-10.0","1,400","998","0","100","0.00","-","-","719.20","720.64","723.75","727.00","721.60","760","940","757"
"2021/01/18","735.0","735.0","720.0","724.0","0.0","900","653","0","100","0.00","-","-","722.80","721.36","723.97","727.21","721.53","580","892","738"
"2021/01/15","-","-","-","-","-","0","-","0","100","0.00","-","-","722.60","721.68","724.07","727.57","721.36","460","872","733"
"2021/01/14","723.0","723.0","705.0","717.0","-7.0","1,000","713","0","0","0.00","-","-","723.80","721.80","724.25","727.75","721.01","540","892","733"
"2021/01/13","735.0","735.0","724.0","724.0","-8.0","500","364","0","0","0.00","-","-","722.60","722.32","724.44","727.93","720.67","400","864","726"
"2021/01/12","724.0","732.0","724.0","732.0","+9.0","500","363","0","0","0.00","-","-","722.40","722.56","724.77","728.24","720.24","340","1,036","721"
"2021/01/08","723.0","723.0","723.0","723.0","0.0","300","217","0","0","0.00","-","-","720.60","721.88","725.00","728.42","719.68","280","1,020","716"
"2021/01/07","711.0","723.0","711.0","723.0","+12.0","400","287","0","0","0.00","-","-","720.00","721.56","725.35","728.69","719.35","680","1,060","716"
"2021/01/06","722.0","722.0","711.0","711.0","-12.0","300","216","0","100","0.00","-","-","717.60","721.28","725.63","728.96","719.01","720","1,116","710"
"2021/01/05","723.0","723.0","723.0","723.0","0.0","200","145","0","100","0.00","-","-","716.40","721.44","726.07","729.20","719.21","820","1,120","708"
"2021/01/04","722.0","723.0","722.0","723.0","+3.0","200","145","0","100","0.00","-","-","715.60","721.72","726.40","729.33","719.47","840","1,120","722"
"2020/12/30","711.0","720.0","701.0","720.0","+9.0","2,300","1,629","0","0","0.00","-","-","713.00","722.00","726.47","729.46","719.81","1,000","1,140","721"
"2020/12/29","705.0","711.0","701.0","711.0","+6.0","600","423","0","0","0.00","-","-","712.20","722.48","726.57","729.62","720.21","900","1,076","701"
"2020/12/28","706.0","715.0","705.0","705.0","-14.0","800","566","0","0","0.00","-","-","714.60","723.20","726.75","729.92","720.76","1,680","1,052","698"
"2020/12/25","706.0","719.0","706.0","719.0","+9.0","300","213","0","0","0.00","-","-","718.60","724.16","727.00","730.30","721.27","1,760","1,024","698"
"2020/12/24","710.0","710.0","710.0","710.0","-6.0","1,000","710","0","700","0.00","-","-","717.80","724.56","727.13","730.61","721.63","1,720","1,032","697"
"2020/12/23","708.0","721.0","705.0","716.0","-7.0","1,800","1,280","0","0","0.00","-","-","719.40","725.72","727.47","730.90","722.00","1,760","1,092","692"
"2020/12/22","710.0","723.0","710.0","723.0","-2.0","4,500","3,250","0","0","0.00","-","-","722.20","726.48","727.81","731.19","722.57","1,560","1,028","669"
"2020/12/21","715.0","725.0","715.0","725.0","+10.0","1,200","860","0","100","0.00","-","-","723.40","727.00","728.03","731.43","722.96","1,200","852","609"
"2020/12/18","715.0","715.0","715.0","715.0","-3.0","100","72","0","0","0.00","-","-","724.80","727.68","728.21","731.72","723.51","980","820","606"
"2020/12/17","730.0","730.0","710.0","718.0","-12.0","1,200","861","0","100","0.00","-","-","728.20","729.08","728.40","732.11","724.18","1,040","1,020","608"
"2020/12/16","730.0","730.0","730.0","730.0","+1.0","800","584","0","500","0.00","-","-","731.00","728.80","728.68","732.47","724.89","840","1,012","601"
"2020/12/15","732.0","732.0","715.0","729.0","-3.0","2,700","1,943","0","0","0.00","-","-","731.40","728.20","728.75","732.71","725.59","760","1,012","598"
"2020/12/14","732.0","732.0","732.0","732.0","0.0","100","73","0","200","0.00","-","-","729.60","727.52","728.80","732.96","726.37","320","932","569"
"2020/12/11","732.0","732.0","721.0","732.0","0.0","400","292","0","200","0.00","-","-","729.20","726.56","729.01","733.42","727.16","360","936","573"
"2020/12/10","732.0","732.0","732.0","732.0","0.0","200","146","0","100","0.00","-","-","728.80","726.08","729.12","733.88","727.78","1,240","968","569"
"2020/12/09","728.0","732.0","728.0","732.0","+12.0","400","292","0","100","0.00","-","-","725.40","724.80","729.16","734.34","728.49","1,220","968","581"
"2020/12/07","730.0","730.0","716.0","730.0","0.0","300","218","0","100","0.00","-","-","721.20","723.40","729.73","735.39","730.23","1,660","972","590"
"2020/12/04","715.0","730.0","685.0","730.0","+15.0","4,800","3,372","0","400","0.00","-","-","718.20","722.92","729.80","735.93","731.08","1,680","992","589"
"2020/12/03","715.0","715.0","715.0","715.0","0.0","100","72","0","200","0.00","-","-","718.20","722.44","730.13","736.57","731.84","760","820","540"
"2020/12/02","707.0","715.0","700.0","715.0","-1.0","1,300","920","0","500","0.00","-","-","721.20","722.40","730.60","737.15","732.57","880","840","538"
"2020/12/01","707.0","716.0","700.0","716.0","+1.0","1,800","1,270","0","200","0.00","-","-","724.60","722.16","731.07","737.50","733.38","760","808","521"
"2020/11/30","715.0","715.0","715.0","715.0","-15.0","400","286","0","200","0.00","-","-","727.20","721.88","731.52","737.96","734.28","400","740","516"
"2020/11/27","730.0","730.0","730.0","730.0","0.0","200","146","0","0","0.00","-","-","730.00","721.32","731.79","738.64","735.13","340","744","513"
"2020/11/26","732.0","732.0","716.0","730.0","-2.0","700","508","0","0","0.00","-","-","729.80","720.76","731.87","738.84","735.94","400","736","514"
"2020/11/25","732.0","732.0","717.0","732.0","0.0","700","508","0","0","0.00","-","-","731.60","720.20","731.95","738.89","736.90","760","720","508"
"2020/11/24","-","-","-","-","-","0","-","100","0","0.00","0.00","-","732.20","719.92","732.00","738.87","737.62","660","696","501"
"2020/11/20","729.0","729.0","729.0","729.0","0.0","100","73","100","0","0.00","0.00","-","733.60","720.28","732.16","738.83","738.46","680","716","506"
"2020/11/19","739.0","739.0","729.0","729.0","-10.0","500","368","100","0","0.00","0.00","-","736.20","720.52","732.35","738.74","739.31","740","716","524"
"2020/11/18","720.0","739.0","720.0","739.0","+4.0","2,500","1,835","300","0","0.00","0.00","-","740.40","720.76","732.63","738.53","740.16","1,660","704","524"
"2020/11/17","736.0","736.0","735.0","735.0","-1.0","200","147","300","0","0.00","0.00","-","734.80","720.60","732.63","738.20","741.01","1,360","608","497"
"2020/11/16","736.0","736.0","736.0","736.0","-6.0","100","74","300","0","0.00","0.00","-","730.80","720.60","732.76","737.87","741.83","1,480","600","502"
"2020/11/13","744.0","744.0","730.0","742.0","-8.0","400","296","300","0","0.00","0.00","-","726.00","720.56","732.91","737.54","742.65","1,600","600","505"
"2020/11/12","723.0","768.0","723.0","750.0","+39.0","5,100","3,787","200","0","0.00","0.00","-","719.20","719.96","733.07","737.36","743.44","1,560","648","500"
"2020/11/11","700.0","714.0","700.0","711.0","-4.0","1,000","706","0","0","0.00","-","-","713.20","719.68","733.12","737.08","744.19","780","472","432"
"2020/11/10","712.0","715.0","700.0","715.0","+3.0","800","566","100","0","0.00","0.00","-","711.00","720.64","733.69","737.19","745.15","620","440","418"
"2020/11/09","708.0","712.0","708.0","712.0","+4.0","700","496","100","0","0.00","0.00","-","708.20","721.84","734.21","737.21","746.14","560","424","408"
"2020/11/06","708.0","708.0","708.0","708.0","-12.0","200","142","100","0","0.00","0.00","-","709.00","723.16","734.77","736.99","747.15","520","416","402"
"2020/11/05","699.0","721.0","699.0","720.0","+20.0","1,200","848","0","0","0.00","-","-","711.00","724.08","735.71","737.01","748.17","640","408","400"
"2020/11/04","699.0","700.0","699.0","700.0","-1.0","200","140","0","0","0.00","-","-","710.60","724.52","736.48","737.01","749.13","500","364","384"
"2020/11/02","701.0","709.0","699.0","701.0","-15.0","500","351","0","0","0.00","-","-","713.40","725.76","737.52","737.10","750.17","580","356","384"
"2020/10/30","718.0","718.0","716.0","716.0","-2.0","500","359","100","0","0.00","0.00","-","715.00","726.96","738.48","737.11","751.22","580","356","384"
"2020/10/29","712.0","718.0","712.0","718.0","0.0","800","573","0","0","0.00","-","-","713.60","727.56","739.39","737.10","752.25","500","336","377"
"2020/10/28","699.0","718.0","699.0","718.0","+4.0","500","351","0","0","0.00","-","-","710.20","728.08","740.27","736.92","753.22","440","324","369"
"2020/10/27","709.0","714.0","709.0","714.0","+5.0","600","427","0","0","0.00","-","-","709.80","729.32","741.28","736.76","754.25","340","308","376"
"2020/10/26","714.0","714.0","709.0","709.0","0.0","500","357","0","0","0.00","-","-","710.20","730.72","742.07","736.64","755.18","280","288","370"
"2020/10/23","709.0","709.0","709.0","709.0","+8.0","100","71","0","0","0.00","-","-","713.40","732.32","742.61","736.60","756.14","200","280","412"
"2020/10/22","701.0","701.0","701.0","701.0","0.0","500","351","0","0","0.00","-","-","719.20","733.72","743.32","736.53","757.15","280","276","572"
"2020/10/21","-","-","-","-","-","0","-","0","0","0.00","-","-","726.00","735.44","744.41","736.82","758.15","200","260","754"
"2020/10/20","725.0","725.0","716.0","716.0","-9.0","300","216","0","300","0.00","-","-","729.80","736.72","744.87","737.05","759.02","240","312","808"
"2020/10/19","725.0","725.0","725.0","725.0","-13.0","100","73","0","300","0.00","-","-","733.60","737.20","745.12","737.21","759.92","200","304","817"
"2020/10/16","725.0","739.0","725.0","738.0","+3.0","500","367","0","300","0.00","-","-","735.60","737.32","745.19","737.11","760.75","180","332","842"
"2020/10/15","735.0","735.0","735.0","735.0","0.0","100","74","0","300","0.00","-","-","735.00","736.76","745.01","736.58","761.51","100","328","852"
"2020/10/14","735.0","735.0","735.0","735.0","0.0","200","147","0","300","0.00","-","-","733.40","736.32","744.81","736.01","762.28","400","356","869"
"2020/10/13","735.0","735.0","735.0","735.0","0.0","100","74","0","200","0.00","-","-","735.00","736.08","744.45","735.61","763.03","500","356","882"
"2020/10/12","-","-","-","-","-","0","-","0","200","0.00","-","-","735.00","736.08","744.07","735.21","763.83","520","376","888"
"2020/10/09","735.0","735.0","735.0","735.0","+8.0","100","74","0","200","0.00","-","-","737.00","736.36","743.63","734.71","764.62","600","380","902"
"2020/10/08","743.0","743.0","720.0","727.0","-16.0","1,600","1,172","0","200","0.00","-","-","739.00","736.52","743.20","733.99","765.40","680","376","944"
"2020/10/07","742.0","745.0","742.0","743.0","+8.0","700","520","0","200","0.00","-","-","739.80","737.00","743.16","733.46","766.20","360","352","925"
"2020/10/06","745.0","745.0","735.0","735.0","-10.0","200","148","0","100","0.00","-","-","737.40","736.44","742.88","732.88","766.90","240","332","918"
"2020/10/05","745.0","745.0","745.0","745.0","0.0","400","298","0","100","0.00","-","-","736.60","736.60","742.71","732.51","767.55","200","352","934"
"2020/10/02","731.0","746.0","731.0","745.0","0.0","500","368","0","100","0.00","-","-","733.80","736.20","742.33","732.04","768.15","220","360","960"
"2020/10/01","-","-","-","-","-","0","-","0","0","0.00","-","-","731.00","735.72","741.60","731.34","768.74","120","360","970"
"2020/09/30","731.0","731.0","731.0","731.0","0.0","100","73","0","0","0.00","-","-","731.00","736.40","741.32","730.73","769.37","220","376","980"
"2020/09/29","-","-","-","-","-","0","-","0","0","0.00","-","-","734.60","736.76","741.17","730.05","769.98","220","376","996"
"2020/09/28","731.0","731.0","728.0","731.0","0.0","500","365","0","0","0.00","-","-","738.20","736.92","740.88","729.53","770.67","240","420","1,014"
"2020/09/25","-","-","-","-","-","0","-","0","0","0.00","-","-","741.80","738.08","740.49","729.01","771.42","200","456","1,025"
"2020/09/24","728.0","743.0","728.0","731.0","-18.0","500","366","0","0","0.00","-","-","744.40","738.24","740.28","728.55","772.21","200","464","1,040"
"2020/09/23","749.0","749.0","749.0","749.0","0.0","100","75","200","0","0.00","0.00","-","747.00","738.40","739.87","728.09","772.97","120","452","1,058"
"2020/09/18","749.0","749.0","749.0","749.0","0.0","100","75","200","0","0.00","0.00","-","746.80","738.64","739.24","727.50","773.67","360","492","1,156"
"2020/09/17","740.0","749.0","740.0","749.0","0.0","300","224","200","0","0.00","0.00","-","742.60","738.68","738.61","726.88","774.37","360","488","1,160"
"2020/09/16","-","-","-","-","-","0","-","200","0","0.00","0.00","-","738.40","738.72","738.03","726.28","775.06","460","476","1,176"
"2020/09/15","744.0","744.0","744.0","744.0","-4.0","100","74","200","0","0.00","0.00","-","734.40","738.96","737.47","725.85","775.81","540","532","1,253"
"2020/09/14","727.0","748.0","724.0","748.0","+20.0","1,300","949","200","0","0.00","0.00","-","730.40","738.60","737.28","725.22","776.58","680","536","1,441"
"2020/09/11","728.0","728.0","728.0","728.0","0.0","100","73","100","0","0.00","0.00","-","726.60","738.12","737.16","724.55","777.36","460","496","1,502"
"2020/09/10","724.0","731.0","724.0","728.0","+4.0","800","582","100","0","0.00","0.00","-","728.00","738.44","737.21","724.20","778.27","560","500","1,538"
"2020/09/09","724.0","724.0","724.0","724.0","0.0","400","290","100","0","0.00","0.00","-","730.80","738.76","737.04","723.79","779.10","420","476","1,590"
"2020/09/08","729.0","730.0","724.0","724.0","-5.0","800","583","0","0","0.00","-","-","733.80","739.44","736.52","723.40","779.77","340","476","1,622"
"2020/09/07","729.0","729.0","729.0","729.0","-6.0","200","146","0","0","0.00","-","-","736.80","740.20","735.91","723.01","780.45","380","500","1,638"
"2020/09/04","742.0","742.0","735.0","735.0","-7.0","600","444","0","0","0.00","-","-","736.80","741.04","735.45","722.51","781.03","380","512","1,658"
"2020/09/03","742.0","742.0","742.0","742.0","0.0","100","74","0","0","0.00","-","-","737.60","741.20","734.92","721.95","781.59","400","508","1,668"
"2020/09/02","-","-","-","-","-","0","-","0","0","0.00","-","-","736.20","741.32","734.16","721.33","782.05","500","528","1,686"
"2020/09/01","751.0","751.0","737.0","739.0","+10.0","1,000","746","0","0","0.00","-","-","735.00","741.64","733.15","720.42","782.43","600","540","1,709"
"2020/08/31","729.0","729.0","729.0","729.0","-10.0","200","146","0","0","0.00","-","-","736.80","742.24","732.28","719.42","782.81","480","500","1,702"
"2020/08/28","735.0","739.0","735.0","739.0","+4.0","700","515","0","100","0.00","-","-","739.00","743.24","731.69","718.84","783.25","460","492","1,724"
"2020/08/27","748.0","748.0","735.0","735.0","+2.0","600","445","0","100","0.00","-","-","738.20","743.84","731.15","718.06","783.62","540","464","1,736"
"2020/08/26","733.0","733.0","733.0","733.0","-15.0","500","367","0","100","0.00","-","-","743.20","744.60","730.65","717.70","784.01","700","440","1,761"
"2020/08/25","740.0","748.0","733.0","748.0","+8.0","400","296","0","0","0.00","-","-","743.60","745.44","729.88","717.35","784.41","640","432","1,778"
"2020/08/24","740.0","740.0","740.0","740.0","+5.0","100","74","0","100","0.00","-","-","741.00","746.64","728.84","717.06","784.74","600","416","1,781"
"2020/08/21","757.0","760.0","735.0","735.0","-25.0","1,100","823","0","100","0.00","-","-","744.00","748.16","727.81","716.20","785.08","800","412","1,798"
"2020/08/20","755.0","760.0","755.0","760.0","+25.0","1,400","1,059","0","100","0.00","-","-","747.00","749.88","727.07","715.85","785.48","580","376","1,786"
"2020/08/19","735.0","735.0","735.0","735.0","0.0","200","147","0","100","0.00","-","-","745.00","750.40","725.99","715.15","785.74","300","340","1,774"
"2020/08/18","751.0","751.0","735.0","735.0","-20.0","200","149","0","0","0.00","-","-","748.00","752.36","725.32","714.27","786.14","540","332","1,772"
"2020/08/17","755.0","755.0","754.0","755.0","0.0","1,100","830","0","0","0.00","-","-","748.00","754.32","724.65","713.40","786.52","540","332","1,774"
"2020/08/14","-","-","-","-","-","0","-","0","0","0.00","-","-","744.20","755.88","723.79","712.24","786.83","380","328","1,768"
"2020/08/13","-","-","-","-","-","0","-","0","0","0.00","-","-","741.40","756.80","722.95","710.94","787.20","420","336","1,769"
"2020/08/12","735.0","752.0","735.0","750.0","+15.0","1,400","1,039","0","0","0.00","-","-","738.60","756.80","722.13","710.00","787.55","460","480","1,772"
"2020/08/11","736.0","736.0","735.0","735.0","-1.0","200","147","0","0","0.00","-","-","736.80","757.28","721.48","709.05","787.90","260","908","1,776"
"2020/08/07","736.0","737.0","736.0","736.0","0.0","300","221","0","0","0.00","-","-","738.40","759.20","720.76","709.22","788.29","500","1,468","1,773"
"2020/08/06","736.0","736.0","736.0","736.0","0.0","200","147","0","0","0.00","-","-","741.20","759.76","720.03","709.60","788.74","540","1,616","1,778"
"2020/08/05","736.0","736.0","736.0","736.0","-5.0","200","147","0","0","0.00","-","-","741.80","759.72","719.45","710.16","789.18","600","1,648","1,780"
"2020/08/04","743.0","743.0","732.0","741.0","-2.0","400","295","0","0","0.00","-","-","743.60","759.48","718.80","710.79","789.58","680","1,720","1,785"
"2020/08/03","750.0","750.0","740.0","743.0","-7.0","1,400","1,044","100","0","0.00","0.00","-","744.80","758.84","718.05","711.60","790.01","660","1,752","1,780"
"2020/07/31","741.0","755.0","739.0","750.0","+11.0","500","373","100","0","0.00","0.00","-","747.00","757.92","717.28","712.23","790.44","380","1,752","1,769"
"2020/07/30","732.0","743.0","732.0","739.0","-6.0","500","368","100","0","0.00","0.00","-","747.80","756.24","716.33","712.65","790.90","280","1,780","1,762"
"2020/07/29","747.0","747.0","740.0","745.0","-2.0","600","446","100","0","0.00","0.00","-","750.80","754.92","715.53","713.09","791.38","180","1,780","1,764"
"2020/07/06","760.0","761.0","749.0","750.0","-12.0","3,600","2,708","700","0","0.00","0.00","-","756.00","720.36","695.65","727.99","796.31","6,980","2,656","1,824"
"2020/07/03","800.0","812.0","738.0","762.0","-21.0","12,100","9,502","100","0","0.00","0.00","-","752.00","718.56","694.40","729.25","796.62","6,660","2,572","1,786"
"2020/07/02","755.0","825.0","755.0","783.0","+33.0","14,200","11,267","0","2,100","0.00","-","-","744.60","716.16","692.97","730.60","796.88","4,480","2,320","1,684"
"2020/07/01","735.0","754.0","735.0","750.0","+15.0","4,000","2,963","0","0","0.00","-","-","732.00","714.04","692.56","731.62","797.03","1,920","2,320","1,505"
"2020/06/30","723.0","735.0","723.0","735.0","+5.0","1,000","731","0","0","0.00","-","-","723.60","713.60","692.88","733.03","797.37","1,360","2,396","1,481"
"2020/06/29","725.0","730.0","720.0","730.0","+5.0","2,000","1,452","0","100","0.00","-","-","717.80","713.48","693.64","734.90","797.78","1,260","2,468","1,514"
"2020/06/26","720.0","725.0","720.0","725.0","+5.0","1,200","869","0","0","0.00","-","-","712.20","712.88","694.56","736.36","798.17","1,080","2,576","1,516"
"2020/06/25","710.0","720.0","710.0","720.0","+12.0","1,400","996","0","0","0.00","-","-","707.80","711.28","695.85","738.09","798.68","1,480","2,640","1,549"
"2020/06/24","699.0","709.0","698.0","708.0","+2.0","1,200","844","0","0","0.00","-","-","708.60","709.60","697.00","739.87","799.15","1,240","2,664","1,533"
"2020/06/23","704.0","706.0","704.0","706.0","+4.0","500","352","0","0","0.00","-","-","711.40","709.08","698.12","741.79","799.61","1,040","2,684","1,564"
"2020/06/22","693.0","702.0","693.0","702.0","-1.0","1,100","766","0","0","0.00","-","-","714.60","708.64","699.15","743.81","800.23","1,220","2,716","1,564"
"2020/06/19","711.0","717.0","699.0","703.0","-21.0","3,200","2,253","0","0","0.00","-","-","717.60","707.96","700.87","745.78","800.93","1,460","2,732","1,565"
"2020/06/18","724.0","724.0","724.0","724.0","+2.0","200","145","0","0","0.00","-","-","715.00","706.36","702.17","747.76","801.67","1,080","2,672","1,546"
"2020/06/17","722.0","722.0","722.0","722.0","0.0","200","144","0","0","0.00","-","-","712.20","704.36","703.64","749.52","802.32","1,180","2,684","1,586"
"2020/06/16","719.0","722.0","712.0","722.0","+5.0","1,400","1,007","0","0","0.00","-","-","711.80","702.88","705.35","751.30","802.96","1,400","2,748","1,596"
"2020/06/15","702.0","720.0","702.0","717.0","+27.0","2,300","1,636","0","0","0.00","-","-","709.20","701.92","707.17","753.11","803.60","1,400","2,756","1,605"
"2020/06/12","692.0","705.0","690.0","690.0","-20.0","1,300","901","0","0","0.00","-","-","706.20","701.16","709.21","755.07","804.13","1,200","2,764","1,582"
"2020/06/11","720.0","720.0","710.0","710.0","-10.0","700","500","0","100","0.00","-","-","711.20","700.56","711.83","757.30","804.95","1,160","2,784","1,582"
"2020/06/10","710.0","720.0","710.0","720.0","+11.0","1,300","932","0","100","0.00","-","-","709.20","698.96","714.23","759.32","805.68","1,400","2,780","1,581"
"2020/06/09","704.0","709.0","700.0","709.0","+7.0","1,400","986","0","100","0.00","-","-","705.60","696.68","716.03","761.25","806.39","2,620","2,784","1,582"
"2020/06/08","714.0","716.0","702.0","702.0","-13.0","1,300","920","0","100","0.00","-","-","704.20","695.48","718.23","763.23","807.28","2,420","2,736","1,577"
"2020/06/05","702.0","715.0","702.0","715.0","+15.0","1,100","778","0","0","0.00","-","-","704.80","694.56","720.81","765.32","808.18","2,460","2,704","1,597"
"2020/06/04","700.0","702.0","696.0","700.0","-2.0","1,900","1,329","0","0","0.00","-","-","702.20","693.36","723.35","767.40","808.94","3,400","2,660","1,585"
"2020/06/03","700.0","712.0","693.0","702.0","0.0","7,400","5,187","0","0","0.00","-","-","708.20","692.76","726.01","769.52","809.78","5,860","2,600","1,569"
"2020/06/02","702.0","702.0","702.0","702.0","-3.0","400","281","0","500","0.00","-","-","715.60","692.28","728.41","771.74","810.64","5,560","2,328","1,484"
"2020/06/01","709.0","712.0","698.0","705.0","+3.0","1,500","1,056","0","500","0.00","-","-","721.60","691.68","730.53","773.72","811.52","6,040","2,316","1,506"
"2020/05/29","704.0","727.0","702.0","702.0","-28.0","5,800","4,108","0","500","0.00","-","-","723.60","691.04","732.81","775.67","812.42","6,680","2,264","1,497"
"2020/05/28","744.0","769.0","720.0","730.0","-9.0","14,200","10,568","0","600","0.00","-","-","720.20","691.00","735.41","777.77","813.33","6,080","2,100","1,422"
"2020/05/27","732.0","739.0","705.0","739.0","+7.0","5,900","4,262","0","600","0.00","-","-","709.80","689.04","737.48","779.47","814.05","3,640","1,532","1,245"
"2020/05/26","718.0","732.0","710.0","732.0","+17.0","2,800","2,017","0","100","0.00","-","-","701.00","686.72","739.51","780.99","814.74","2,800","1,324","1,184"
"2020/05/25","692.0","735.0","691.0","715.0","+30.0","4,700","3,311","0","100","0.00","-","-","693.60","685.16","742.04","782.63","815.39","2,500","1,224","1,190"
"2020/05/22","678.0","688.0","678.0","685.0","+7.0","2,800","1,903","0","0","0.00","-","-","687.60","684.04","744.19","784.38","816.15","1,860","1,060","1,193"
"2020/05/21","680.0","698.0","678.0","678.0","-17.0","2,000","1,371","0","0","0.00","-","-","683.20","684.04","747.03","786.43","817.07","1,640","948","1,157"
"2020/05/20","680.0","695.0","680.0","695.0","0.0","1,700","1,164","0","0","0.00","-","-","682.40","684.32","749.96","788.54","818.02","1,340","892","1,144"
"2020/05/19","685.0","695.0","685.0","695.0","+10.0","1,300","894","0","0","0.00","-","-","680.40","683.68","752.69","790.45","818.89","1,360","824","1,180"
"2020/05/18","673.0","685.0","670.0","685.0","+22.0","1,500","1,010","0","0","0.00","-","-","681.00","683.04","755.53","792.44","819.77","1,420","796","1,165"
"2020/05/15","666.0","678.0","660.0","663.0","-11.0","1,700","1,133","0","0","0.00","-","-","683.60","682.84","758.39","794.53","820.68","1,620","760","1,146"
"2020/05/14","675.0","684.0","670.0","674.0","-11.0","500","338","0","0","0.00","-","-","686.00","682.24","761.56","796.81","821.69","1,640","704","1,130"
"2020/05/13","686.0","690.0","680.0","685.0","-13.0","1,800","1,229","0","0","0.00","-","-","685.20","680.84","764.57","798.93","822.63","1,660","704","1,132"
"2020/05/12","695.0","698.0","680.0","698.0","0.0","1,600","1,098","0","300","0.00","-","-","680.80","680.28","767.44","800.91","823.58","1,580","648","1,132"
"2020/05/11","685.0","698.0","680.0","698.0","+23.0","2,500","1,716","0","300","0.00","-","-","677.00","678.80","770.17","802.58","824.46","1,300","608","1,122"
"2020/05/08","663.0","675.0","660.0","675.0","+5.0","1,800","1,195","0","0","0.00","-","-","673.20","678.84","773.04","804.25","825.32","900","512","1,096"
"2020/05/07","655.0","670.0","655.0","670.0","+7.0","600","398","100","0","0.00","0.00","-","675.20","679.76","776.21","806.14","826.28","540","456","1,078"
"2020/05/01","679.0","679.0","663.0","663.0","-16.0","1,400","941","100","0","0.00","0.00","-","678.20","681.72","779.44","808.01","827.25","500","472","1,088"
"2020/04/30","679.0","679.0","679.0","679.0","0.0","200","136","100","0","0.00","0.00","-","683.60","681.36","782.77","809.90","828.28","340","420","1,077"
"2020/04/28","684.0","684.0","679.0","679.0","0.0","500","340","100","0","0.00","0.00","-","685.20","682.20","785.81","811.81","829.22","320","444","1,081"
"2020/04/27","-","-","-","-","-","0","-","100","0","0.00","0.00","-","687.20","682.64","788.91","813.82","830.21","260","436","1,104"
"2020/04/24","673.0","685.0","673.0","685.0","-5.0","400","271","100","0","0.00","0.00","-","690.40","681.12","792.08","815.86","831.09","600","500","1,157"
"2020/04/23","687.0","690.0","682.0","690.0","+3.0","600","411","0","0","0.00","-","-","689.60","679.64","795.11","817.85","831.94","520","504","1,214"
"2020/04/22","687.0","687.0","687.0","687.0","-2.0","100","69","0","0","0.00","-","-","687.80","677.60","798.23","819.84","832.72","540","484","1,256"
"2020/04/21","688.0","689.0","688.0","689.0","-12.0","200","138","0","0","0.00","-","-","689.00","674.92","801.07","821.86","833.58","580","500","1,262"
"2020/04/20","680.0","702.0","678.0","701.0","0.0","1,700","1,174","0","0","0.00","-","-","688.60","673.60","803.88","823.83","834.42","660","524","1,286"
"2020/04/17","-","-","-","-","-","0","-","100","0","0.00","0.00","-","685.40","671.76","806.69","825.77","835.23","320","632","1,354"
"2020/04/16","703.0","703.0","681.0","681.0","-12.0","700","487","100","0","0.00","0.00","-","686.20","674.60","809.61","827.94","836.19","440","664","1,424"
"2020/04/15","689.0","693.0","689.0","693.0","+6.0","300","207","0","0","0.00","-","-","685.80","678.32","812.41","830.16","837.19","300","724","1,440"
"2020/04/14","676.0","698.0","676.0","687.0","0.0","600","415","0","0","0.00","-","-","683.00","682.28","815.12","832.33","838.17","360","852","1,490"
"2020/04/13","-","-","-","-","-","0","-","0","0","0.00","-","-","681.60","686.76","817.83","834.41","839.15","360","912","1,482"
"2020/04/10","671.0","695.0","671.0","685.0","0.0","600","412","0","0","0.00","-","-","674.20","692.24","820.56","836.14","840.13","420","1,060","1,513"
"2020/04/09","-","-","-","-","-","0","-","0","0","0.00","-","-","665.00","697.08","823.28","837.88","841.14","400","1,044","1,513"
"2020/04/08","680.0","690.0","679.0","679.0","-1.0","600","412","0","0","0.00","-","-","663.40","701.60","826.04","839.55","842.23","480","1,184","1,538"
"2020/04/07","660.0","680.0","660.0","680.0","+32.0","600","403","100","0","0.00","0.00","-","659.80","705.76","828.91","841.23","843.32","480","1,180","1,553"
"2020/04/06","650.0","650.0","648.0","648.0","+9.0","300","195","100","0","0.00","0.00","-","663.60","711.80","831.76","842.77","844.41","380","1,204","1,561"
"2020/04/03","651.0","659.0","639.0","639.0","-32.0","500","324","100","0","0.00","0.00","-","673.60","717.92","835.00","844.44","845.66","400","1,264","1,573"
"2020/04/02","654.0","671.0","654.0","671.0","+10.0","400","263","100","0","0.00","0.00","-","689.60","725.72","838.29","846.20","846.92","500","1,372","1,570"
"2020/04/01","698.0","698.0","659.0","661.0","-38.0","600","408","0","0","0.00","-","-","686.20","732.88","841.12","847.65","847.98","440","1,392","1,589"
"2020/03/31","699.0","699.0","699.0","699.0","+1.0","100","70","0","0","0.00","-","-","694.00","740.80","843.84","849.17","849.09","480","1,452","1,584"
"2020/03/30","699.0","709.0","698.0","698.0","-21.0","400","281","0","0","0.00","-","-","692.20","747.64","846.05","850.31","850.05","520","1,472","1,593"
"2020/03/27","718.0","722.0","718.0","719.0","+65.0","1,000","719","0","0","0.00","-","-","682.00","755.16","848.27","851.46","851.06","760","1,508","1,616"
"2020/03/26","654.0","654.0","654.0","654.0","-46.0","100","65","0","0","0.00","-","-","667.80","762.00","850.11","852.41","851.85","660","1,492","1,612"
"2020/03/25","690.0","703.0","690.0","700.0","+10.0","800","560","0","0","0.00","-","-","664.80","770.04","852.75","853.95","853.02","660","1,544","1,644"
"2020/03/24","691.0","700.0","690.0","690.0","+43.0","300","208","100","0","0.00","0.00","-","648.80","777.00","855.01","855.11","854.02","600","1,552","1,645"
"2020/03/23","640.0","653.0","640.0","647.0","-1.0","1,600","1,037","300","0","0.00","0.00","-","642.00","785.24","857.55","856.33","855.07","700","1,652","1,648"
"2020/03/19","649.0","655.0","648.0","648.0","+9.0","500","325","600","0","0.00","0.00","-","643.60","795.56","860.77","858.01","856.33","1,260","1,596","1,670"
"2020/03/18","639.0","639.0","639.0","639.0","+19.0","100","64","800","0","0.00","0.00","-","664.40","805.64","863.92","859.63","857.55","1,320","1,604","1,693"
"2020/03/17","649.0","649.0","620.0","620.0","-36.0","500","313","800","0","0.00","0.00","-","691.40","815.36","867.25","861.41","858.82","1,740","1,640","1,714"
"2020/03/16","645.0","656.0","645.0","656.0","+1.0","800","522","800","0","0.00","0.00","-","725.80","825.00","870.84","863.46","860.01","2,340","1,704","1,724"
"2020/03/13","682.0","682.0","631.0","655.0","-97.0","4,400","2,863","800","0","0.00","0.00","-","754.40","833.80","873.91","865.10","861.07","2,600","1,704","1,729"
"2020/03/12","756.0","773.0","737.0","752.0","-22.0","800","603","700","0","0.00","0.00","-","787.80","843.48","877.11","866.75","862.21","2,460","1,536","1,673"
"2020/03/11","792.0","792.0","773.0","774.0","-18.0","2,200","1,711","300","0","0.00","0.00","-","798.60","848.80","879.05","867.36","862.80","2,340","1,540","1,680"
"2020/03/10","766.0","792.0","758.0","792.0","-7.0","3,500","2,698","0","200","0.00","-","-","802.20","853.48","880.77","867.87","863.20","2,600","1,504","1,662"
"2020/03/09","818.0","818.0","785.0","799.0","-23.0","2,100","1,700","0","0","0.00","-","-","800.40","858.68","882.35","868.20","863.49","2,000","1,496","1,844"
"2020/03/05","807.0","807.0","806.0","806.0","+14.0","200","161","600","0","0.00","0.00","-","802.60","864.80","884.11","868.41","864.07","1,440","1,464","2,132"
"2020/03/04","773.0","818.0","772.0","792.0","+9.0","3,500","2,759","700","0","0.00","0.00","-","808.20","868.48","884.81","868.64","864.29","2,040","1,496","2,176"
"2020/03/03","816.0","816.0","783.0","783.0","-48.0","500","398","200","0","0.00","0.00","-","819.80","872.80","885.53","869.14","864.61","1,520","1,532","2,168"
"2020/03/02","757.0","831.0","757.0","831.0","+30.0","1,200","943","0","0","0.00","-","-","835.00","877.80","886.39","869.67","865.00","1,840","1,520","2,170"
"2020/02/28","805.0","847.0","801.0","801.0","-33.0","1,800","1,453","0","0","0.00","-","-","842.80","880.52","886.43","869.64","865.17","1,720","1,476","2,205"
"2020/02/27","835.0","835.0","801.0","834.0","-16.0","3,200","2,611","0","0","0.00","-","-","859.80","884.52","886.61","870.24","865.44","1,620","1,424","2,186"
"2020/02/26","859.0","859.0","835.0","850.0","-9.0","900","768","0","0","0.00","-","-","871.00","887.16","886.36","870.50","865.57","1,100","1,320","2,158"
"2020/02/25","854.0","867.0","841.0","859.0","-11.0","2,100","1,788","0","0","0.00","-","-","872.00","889.16","885.91","870.69","865.61","1,200","1,356","2,169"
"2020/02/21","885.0","885.0","870.0","870.0","-16.0","600","524","0","0","0.00","-","-","875.00","890.92","885.29","870.80","865.64","980","1,308","2,192"
"2020/02/20","885.0","886.0","870.0","886.0","-4.0","1,300","1,149","0","0","0.00","-","-","880.20","892.64","884.53","870.54","865.59","1,420","1,304","2,232"
"2020/02/19","855.0","890.0","855.0","890.0","+35.0","600","517","0","0","0.00","-","-","884.00","893.72","883.56","869.98","865.42","1,200","1,272","2,241"
"2020/02/18","864.0","864.0","854.0","855.0","-19.0","1,400","1,203","0","0","0.00","-","-","886.00","894.60","882.55","869.25","865.30","1,220","1,300","2,284"
"2020/02/17","881.0","888.0","871.0","874.0","-22.0","1,000","878","0","0","0.00","-","-","891.40","896.92","881.92","868.88","865.56","1,140","1,268","2,298"
"2020/02/14","889.0","904.0","889.0","896.0","-9.0","2,800","2,499","0","0","0.00","-","-","888.80","898.24","881.15","868.28","865.77","1,360","1,248","2,306"
"2020/02/13","900.0","905.0","900.0","905.0","+5.0","200","181","0","0","0.00","-","-","884.80","898.84","880.03","867.50","865.85","960","1,224","2,282"
"2020/02/12","886.0","900.0","886.0","900.0","+18.0","700","625","0","0","0.00","-","-","883.20","899.56","878.83","866.69","865.83","960","1,376","2,293"
"2020/02/10","861.0","886.0","861.0","882.0","+21.0","1,000","875","0","0","0.00","-","-","880.20","900.04","877.63","865.81","865.74","1,000","1,536","2,292"
"2020/02/07","894.0","894.0","861.0","861.0","-15.0","2,100","1,846","0","200","0.00","-","-","882.00","901.72","876.76","865.19","865.86","1,060","1,644","2,356"
"2020/02/06","890.0","890.0","875.0","876.0","-21.0","800","702","0","0","0.00","-","-","894.20","903.28","876.28","864.62","866.15","1,300","1,584","2,345"
"2020/02/05","885.0","897.0","885.0","897.0","+12.0","200","178","0","0","0.00","-","-","894.20","904.24","875.53","863.99","866.37","2,120","1,632","2,358"
"2020/02/04","890.0","900.0","885.0","885.0","-6.0","900","802","0","500","0.00","-","-","894.40","904.84","874.51","863.15","866.51","2,100","1,896","2,377"
"2020/02/03","877.0","906.0","877.0","891.0","-31.0","1,300","1,155","0","500","0.00","-","-","897.00","905.44","873.55","862.43","866.73","2,120","2,068","2,376"
"2020/01/31","876.0","923.0","876.0","922.0","+46.0","3,300","2,995","0","500","0.00","-","-","898.80","905.44","872.67","861.70","866.93","2,740","2,092","2,360"
"2020/01/30","869.0","900.0","867.0","876.0","-22.0","4,900","4,313","0","500","0.00","-","-","896.00","904.40","871.37","860.66","866.96","2,120","2,124","2,329"
"2020/01/29","898.0","898.0","898.0","898.0","0.0","100","90","0","0","0.00","-","-","900.60","904.96","870.57","859.98","867.22","1,160","1,928","2,281"
"2020/01/28","890.0","913.0","877.0","898.0","-2.0","1,000","891","0","0","0.00","-","-","901.20","904.64","869.61","859.27","867.41","1,240","2,016","2,289"
"2020/01/27","848.0","912.0","848.0","900.0","-8.0","4,400","3,875","0","0","0.00","-","-","901.60","904.28","868.69","858.42","867.50","1,160","2,000","2,309"
"2020/01/24","912.0","912.0","908.0","908.0","+9.0","200","182","0","300","0.00","-","-","901.60","903.72","867.92","857.42","867.55","640","1,900","2,268"
"2020/01/23","899.0","899.0","899.0","899.0","-2.0","100","90","0","0","0.00","-","-","900.60","903.16","866.96","856.64","867.54","780","1,960","2,282"
"2020/01/22","912.0","912.0","900.0","901.0","+1.0","500","454","0","0","0.00","-","-","903.40","902.96","866.01","856.07","867.61","860","2,004","2,340"
"2020/01/21","912.0","912.0","900.0","900.0","0.0","600","544","0","0","0.00","-","-","905.80","902.56","865.48","855.58","867.84","860","2,032","2,341"
"2020/01/20","912.0","913.0","900.0","900.0","-3.0","1,800","1,634","0","0","0.00","-","-","908.20","902.00","864.95","855.11","867.96","1,000","2,020","2,364"
"2020/01/17","912.0","912.0","903.0","903.0","-10.0","900","815","0","0","0.00","-","-","910.80","901.32","864.53","854.61","868.15","760","2,020","2,365"
"2020/01/16","913.0","913.0","908.0","913.0","0.0","500","456","0","0","0.00","-","-","911.60","899.80","864.09","854.08","868.32","680","1,992","2,392"
"2020/01/15","922.0","922.0","913.0","913.0","+1.0","500","459","0","0","0.00","-","-","911.20","897.88","863.17","853.18","868.44","1,020","2,004","2,428"
"2020/01/14","925.0","925.0","912.0","912.0","-1.0","1,300","1,198","0","500","0.00","-","-","913.20","895.92","862.07","852.60","868.62","1,720","2,068","2,440"
"2020/01/10","907.0","913.0","907.0","913.0","+6.0","600","546","0","0","0.00","-","-","913.20","893.72","860.80","852.03","868.66","2,400","2,044","2,432"
"2020/01/09","911.0","911.0","906.0","907.0","-4.0","500","454","0","0","0.00","-","-","915.40","891.28","859.53","851.52","868.57","3,020","2,120","2,444"
"2020/01/08","923.0","923.0","910.0","911.0","-12.0","2,200","2,018","0","0","0.00","-","-","914.00","889.80","858.29","851.33","868.48","3,040","2,136","2,490"
"2020/01/07","912.0","930.0","912.0","923.0","+11.0","4,000","3,679","0","0","0.00","-","-","911.80","888.56","857.05","851.04","868.28","3,000","2,068","2,490"
"2020/01/06","925.0","925.0","901.0","912.0","-12.0","4,700","4,284","0","300","0.00","-","-","909.60","887.20","855.73","850.48","868.05","3,560","2,040","2,452"
"2019/12/30","915.0","930.0","901.0","924.0","+24.0","3,700","3,398","700","0","0.00","0.05","-","907.20","886.08","854.40","850.03","867.95","3,660","1,940","2,397"
"2019/12/27","899.0","905.0","899.0","900.0","0.0","600","541","0","0","0.00","-","-","900.60","884.68","853.01","849.53","867.78","3,300","1,860","2,592"
"2019/12/26","912.0","914.0","900.0","900.0","-12.0","2,000","1,815","0","0","0.00","-","-","899.80","884.24","851.73","849.32","867.78","4,000","1,884","2,664"
"2019/12/25","900.0","918.0","899.0","912.0","+12.0","6,800","6,140","0","100","0.00","-","-","897.80","883.68","850.57","849.17","867.79","3,600","1,852","2,637"
"2019/12/24","876.0","905.0","866.0","900.0","+9.0","5,200","4,618","0","0","0.00","-","-","893.40","883.00","849.25","848.88","867.73","2,700","1,588","2,548"
"2019/12/23","881.0","897.0","876.0","891.0","-5.0","1,900","1,684","0","0","0.00","-","-","891.20","882.92","848.09","848.62","867.82","1,780","1,432","2,481"
"2019/12/20","899.0","902.0","886.0","896.0","0.0","4,100","3,683","0","0","0.00","-","-","890.20","883.40","847.12","848.48","867.88","1,780","1,392","2,458"
"2019/12/19","-","-","-","-","-","0","-","0","0","0.00","-","-","889.80","883.96","846.08","848.15","867.91","1,300","1,912","2,414"
"2019/12/18","881.0","905.0","881.0","890.0","+1.0","2,300","2,061","0","0","0.00","-","-","890.60","884.16","844.99","847.91","868.00","1,540","2,840","2,444"
"2019/12/17","898.0","899.0","885.0","889.0","+3.0","600","536","0","0","0.00","-","-","890.80","882.88","844.15","847.71","868.19","1,320","2,916","2,420"
"2019/12/16","873.0","888.0","873.0","886.0","-8.0","1,900","1,670","0","0","0.00","-","-","890.20","881.68","843.13","847.49","868.41","1,260","3,032","2,417"
"2019/12/13","898.0","898.0","882.0","894.0","0.0","1,700","1,514","0","0","0.00","-","-","889.60","880.08","841.99","847.33","868.30","1,240","3,072","2,432"
"2019/12/12","876.0","894.0","868.0","894.0","+3.0","1,200","1,060","0","0","0.00","-","-","883.80","878.20","841.13","847.10","868.11","940","3,032","2,436"
"2019/12/11","893.0","893.0","878.0","891.0","+5.0","1,200","1,067","0","0","0.00","-","-","878.00","875.80","840.44","846.82","867.93","860","3,136","2,457"
"2019/12/10","909.0","909.0","886.0","886.0","+3.0","300","270","0","0","0.00","-","-","872.60","872.76","839.92","846.57","867.76","1,040","3,104","2,448"
"2019/12/09","865.0","898.0","865.0","883.0","+18.0","1,800","1,572","0","0","0.00","-","-","866.80","869.92","839.48","846.33","867.63","1,120","3,136","2,452"
"2019/12/06","865.0","865.0","865.0","865.0","0.0","200","173","0","0","0.00","-","-","860.60","867.24","839.04","846.24","867.48","1,260","3,132","2,429"
"2019/12/05","875.0","875.0","860.0","865.0","+1.0","800","692","0","0","0.00","-","-","861.60","865.16","838.84","846.34","867.41","1,400","3,276","2,470"
"2019/12/04","857.0","874.0","857.0","864.0","+7.0","2,100","1,814","100","0","0.00","-","-","864.60","863.08","838.28","846.38","867.40","1,340","3,388","2,501"
"2019/12/02","860.0","875.0","852.0","852.0","-18.0","2,500","2,154","100","0","0.00","-","-","875.00","859.32","838.13","846.49","867.43","1,880","3,508","2,484"
"2019/11/29","880.0","880.0","870.0","870.0","-10.0","900","789","0","0","0.00","-","-","882.40","857.56","838.27","846.66","867.53","1,720","3,508","2,474"
"2019/11/28","878.0","887.0","878.0","880.0","-9.0","500","441","0","0","0.00","-","-","886.20","855.40","838.51","846.63","867.52","1,780","3,536","2,509"
"2019/11/27","880.0","889.0","871.0","889.0","+5.0","3,300","2,902","0","0","0.00","-","-","887.40","852.68","838.53","846.59","867.43","1,920","3,556","2,509"
"2019/11/26","889.0","889.0","873.0","884.0","-5.0","2,200","1,933","0","0","0.00","-","-","888.60","849.72","838.24","846.32","867.22","1,300","3,464","2,478"
"2019/11/25","895.0","897.0","889.0","889.0","0.0","1,700","1,516","0","0","0.00","-","-","891.40","846.76","838.01","846.03","867.13","1,120","3,400","2,472"
"2019/11/22","886.0","889.0","877.0","889.0","+3.0","1,200","1,061","300","0","0.00","0.00","-","894.20","843.88","837.81","845.59","867.01","960","3,564","2,456"
"2019/11/21","890.0","890.0","876.0","886.0","-9.0","1,200","1,062","0","0","0.00","-","-","898.40","841.32","837.68","845.30","866.90","4,140","3,568","2,482"
"2019/11/20","895.0","895.0","895.0","895.0","-3.0","200","179","0","0","0.00","-","-","900.20","838.68","837.67","845.00","866.81","8,540","3,592","2,474"
"2019/11/19","903.0","904.0","888.0","898.0","-5.0","1,300","1,165","0","0","0.00","-","-","892.80","835.68","837.51","844.68","866.80","9,340","3,648","2,516"
"2019/11/18","910.0","910.0","892.0","903.0","-7.0","900","813","0","0","0.00","-","-","885.00","832.28","837.19","844.44","866.64","9,780","3,628","2,506"
"2019/11/15","890.0","923.0","831.0","910.0","+15.0","17,100","14,986","0","0","0.00","-","-","873.60","829.16","836.84","844.21","866.58","10,180","3,596","2,516"
"2019/11/14","857.0","932.0","857.0","895.0","+37.0","23,200","20,765","0","0","0.00","-","-","861.00","825.76","836.21","844.00","866.36","6,900","2,952","2,306"
"2019/11/13","858.0","859.0","855.0","858.0","-1.0","4,200","3,600","0","0","0.00","-","-","848.80","822.60","835.83","843.89","866.23","3,020","2,076","2,000"
"2019/11/12","848.0","859.0","841.0","859.0","+13.0","3,500","2,984","0","100","0.00","-","-","840.20","821.32","835.99","844.11","866.38","2,260","1,936","1,950"
"2019/11/11","846.0","846.0","833.0","846.0","-1.0","2,900","2,439","0","100","0.00","-","-","831.40","820.12","836.09","844.40","866.43","1,780","1,896","1,909"
"2019/11/08","833.0","847.0","833.0","847.0","+13.0","700","587","0","100","0.00","-","-","825.40","819.96","836.41","844.91","866.58","1,540","1,832","1,872"
"2019/11/07","817.0","834.0","815.0","834.0","+19.0","3,800","3,127","0","200","0.00","-","-","818.60","819.52","836.73","845.41","866.59","2,160","1,856","1,874"
"2019/11/06","816.0","816.0","815.0","815.0","0.0","400","326","0","100","0.00","-","-","814.40","819.28","837.16","846.05","866.82","2,120","1,880","1,826"
"2019/11/05","816.0","816.0","811.0","815.0","-1.0","1,100","896","0","100","0.00","-","-","814.00","821.12","837.84","846.88","867.22","2,440","1,888","1,826"
"2019/11/01","813.0","816.0","810.0","816.0","+3.0","1,700","1,382","0","100","0.00","-","-","813.80","822.92","838.47","847.63","867.60","2,980","1,936","1,824"
"2019/10/31","813.0","815.0","801.0","813.0","0.0","3,800","3,070","0","100","0.00","-","-","812.20","825.04","839.24","848.31","867.67","3,140","1,944","1,808"
"2019/10/30","813.0","815.0","807.0","813.0","0.0","3,600","2,919","0","100","0.00","-","-","812.80","827.32","840.07","849.00","867.88","2,700","1,908","1,765"
"2019/10/29","810.0","819.0","810.0","813.0","-1.0","2,000","1,627","0","100","0.00","-","-","812.60","828.56","840.81","849.78","868.06","2,180","1,892","1,722"
"2019/10/28","803.0","814.0","802.0","814.0","+6.0","3,800","3,068","0","100","0.00","-","-","813.00","829.24","841.53","850.65","867.88","1,980","1,868","1,706"
"2019/10/25","813.0","817.0","808.0","808.0","-8.0","2,500","2,029","0","100","0.00","-","-","812.20","829.36","842.21","851.28","867.45","1,340","1,744","1,666"
"2019/10/24","813.0","817.0","812.0","816.0","+4.0","1,600","1,304","0","100","0.00","-","-","814.00","829.76","843.03","852.08","867.37","2,000","1,704","1,644"
"2019/10/23","811.0","820.0","811.0","812.0","-3.0","1,000","813","0","100","0.00","-","-","815.80","829.68","843.71","852.92","867.45","1,940","1,800","1,705"
"2019/10/21","810.0","815.0","810.0","815.0","+5.0","1,000","813","0","100","0.00","-","-","817.40","829.92","844.56","853.80","867.88","2,100","1,848","1,712"
"2019/10/18","811.0","814.0","809.0","810.0","-7.0","600","486","0","100","0.00","-","-","818.40","830.28","845.19","854.65","868.24","2,220","1,852","1,728"
"2019/10/17","813.0","820.0","806.0","817.0","-8.0","5,800","4,701","0","200","0.00","-","-","819.00","830.36","845.79","855.47","868.80","2,260","1,852","1,726"
"2019/10/16","825.0","826.0","818.0","825.0","+5.0","1,300","1,069","0","200","0.00","-","-","820.60","830.48","846.16","856.22","869.48","1,120","2,352","1,674"
"2019/10/15","825.0","827.0","817.0","820.0","0.0","1,800","1,476","0","200","0.00","-","-","820.60","829.64","846.63","856.56","870.18","1,060","2,540","1,677"
"2019/10/11","828.0","828.0","813.0","820.0","+7.0","1,600","1,310","0","200","0.00","-","-","819.80","829.36","847.11","857.04","870.99","960","2,468","1,670"
"2019/10/10","828.0","828.0","813.0","813.0","-12.0","800","653","0","200","0.00","-","-","821.00","829.08","847.68","857.66","871.78","780","2,408","1,678"
"2019/10/09","825.0","825.0","825.0","825.0","0.0","100","83","0","200","0.00","-","-","824.20","829.08","848.49","858.23","872.54","1,120","2,384","1,689"
"2019/10/08","822.0","838.0","822.0","825.0","+9.0","1,000","826","0","200","0.00","-","-","827.60","828.80","849.23","858.53","873.36","1,360","2,388","1,728"
"2019/10/07","830.0","830.0","816.0","816.0","-10.0","1,300","1,068","0","200","0.00","-","-","829.80","828.52","850.08","858.78","874.33","1,420","2,380","1,725"
"2019/10/04","829.0","829.0","819.0","826.0","-3.0","700","578","0","200","0.00","-","-","832.20","828.20","850.99","859.23","875.35","2,040","2,416","1,761"
"2019/10/03","842.0","842.0","816.0","829.0","-13.0","2,500","2,065","0","200","0.00","-","-","839.20","828.24","851.71","859.72","876.33","2,020","2,408","1,778"
"2019/10/02","836.0","862.0","836.0","842.0","+6.0","1,300","1,103","0","200","0.00","-","-","845.40","827.60","852.49","859.94","877.39","1,980","2,324","1,758"
"2019/10/01","829.0","839.0","829.0","836.0","+8.0","1,300","1,082","0","200","0.00","-","-","850.80","825.92","853.23","860.07","878.63","2,100","2,392","1,744"
"2019/09/30","867.0","867.0","821.0","828.0","-33.0","4,400","3,687","0","200","0.00","-","-","857.60","825.68","854.04","860.33","879.84","2,420","2,420","1,729"
"2019/09/27","867.0","867.0","860.0","861.0","+1.0","600","518","0","100","0.00","-","-","860.80","826.24","854.97","860.69","881.33","2,180","2,356","1,678"
"2019/09/26","870.0","871.0","848.0","860.0","-9.0","2,300","1,982","0","100","0.00","-","-","854.60","825.88","855.47","860.64","882.31","2,340","2,352","1,678"
"2019/09/25","870.0","870.0","861.0","869.0","-1.0","1,900","1,642","0","100","0.00","-","-","846.00","825.60","855.87","860.63","883.29","2,020","2,284","1,660"
"2019/09/20","833.0","854.0","818.0","844.0","+14.0","3,200","2,685","0","800","0.00","-","-","824.60","824.04","856.23","860.47","885.13","2,160","2,228","1,614"
"2019/09/19","817.0","830.0","817.0","830.0","+13.0","1,400","1,157","0","800","0.00","-","-","819.40","823.20","856.85","860.64","886.12","1,960","2,224","1,577"
"2019/09/18","813.0","817.0","813.0","817.0","-1.0","700","570","0","800","0.00","-","-","818.20","824.20","857.79","860.86","887.23","1,900","2,176","1,602"
"2019/09/17","812.0","818.0","805.0","818.0","+4.0","1,500","1,222","0","800","0.00","-","-","817.20","825.72","858.59","861.34","888.21","1,880","2,200","1,602"
"2019/09/13","803.0","816.0","803.0","814.0","-4.0","4,000","3,224","0","800","0.00","-","-","817.60","827.48","859.52","862.24","889.29","5,240","2,212","1,650"
"2019/09/12","824.0","824.0","810.0","818.0","-6.0","2,200","1,798","0","800","0.00","-","-","815.60","830.44","860.67","863.25","890.59","5,640","2,192","1,605"
"2019/09/11","820.0","824.0","820.0","824.0","+12.0","1,100","905","0","2,000","0.00","-","-","814.60","833.00","861.76","864.20","891.83","5,200","2,124","1,580"
"2019/09/10","819.0","819.0","812.0","812.0","-8.0","600","489","0","2,000","0.00","-","-","812.40","834.72","862.77","864.96","893.07","5,000","2,120","1,588"
"2019/09/09","800.0","833.0","800.0","820.0","+16.0","18,300","14,857","0","2,000","0.00","-","-","812.60","836.92","863.84","865.67","894.61","4,920","2,164","1,600"
"2019/09/06","800.0","808.0","797.0","804.0","0.0","6,000","4,803","0","2,000","0.00","-","-","812.20","839.08","864.80","866.53","896.25","1,300","1,452","1,441"
"2019/09/05","-","-","-","-","-","0","-","0","2,000","0.00","-","-","815.00","842.08","865.53","867.68","897.87","260","1,340","1,373"
"2019/09/04","813.0","813.0","813.0","813.0","0.0","100","81","0","2,000","0.00","-","-","814.00","844.96","866.27","868.75","899.46","700","1,364","1,388"
"2019/09/03","821.0","821.0","813.0","813.0","-5.0","200","163","0","2,000","0.00","-","-","816.80","847.76","867.19","869.86","901.14","780","1,492","1,396"
"2019/09/02","818.0","818.0","818.0","818.0","0.0","200","164","0","2,200","0.00","-","-","816.80","850.20","867.95","871.03","902.80","820","1,508","1,421"
"2019/08/30","809.0","818.0","809.0","818.0","+10.0","800","651","0","2,200","0.00","-","-","813.20","852.56","868.44","872.15","903.77","1,380","1,564","1,442"
"2019/08/29","826.0","826.0","805.0","808.0","-19.0","2,200","1,786","0","2,200","0.00","-","-","815.60","854.36","868.87","873.26","904.18","1,620","1,588","1,490"
"2019/08/28","815.0","828.0","815.0","827.0","+14.0","500","410","0","2,200","0.00","-","-","822.40","856.68","869.57","874.46","904.56","1,740","1,508","1,568"
"2019/08/27","814.0","814.0","807.0","813.0","+13.0","400","325","0","2,200","0.00","-","-","827.40","858.40","870.21","875.54","904.77","1,740","1,508","1,592"
"2019/08/26","813.0","822.0","800.0","800.0","-30.0","3,000","2,424","0","2,200","0.00","-","-","835.40","860.56","870.72","876.58","905.04","1,780","1,508","1,601"
"2019/08/23","842.0","849.0","828.0","830.0","-12.0","2,000","1,668","0","2,200","0.00","-","-","845.40","863.36","871.45","877.68","905.55","1,200","1,392","1,572"
"2019/08/22","852.0","852.0","840.0","842.0","-10.0","2,800","2,368","0","2,200","0.00","-","-","849.40","865.00","871.88","878.43","905.90","1,460","1,348","1,593"
"2019/08/21","853.0","853.0","842.0","852.0","-1.0","500","425","0","2,200","0.00","-","-","845.60","865.96","872.17","879.14","906.53","1,520","1,244","1,577"
"2019/08/20","850.0","853.0","850.0","853.0","+3.0","600","510","0","2,200","0.00","-","-","846.20","866.52","872.23","880.10","907.27","1,460","1,240","1,596"
"2019/08/19","850.0","850.0","850.0","850.0","0.0","100","85","0","2,200","0.00","-","-","846.60","866.88","872.31","880.80","907.39","1,600","1,252","1,593"
"2019/08/16","823.0","854.0","818.0","850.0","+27.0","3,300","2,723","0","2,200","0.00","-","-","849.00","867.84","872.41","881.68","907.39","1,940","1,268","1,605"
"2019/08/15","840.0","840.0","802.0","823.0","-32.0","3,100","2,545","0","2,200","0.00","-","-","856.60","868.84","872.61","882.55","907.39","1,980","1,160","1,649"
"2019/08/14","855.0","855.0","855.0","855.0","0.0","200","171","0","2,200","0.00","-","-","868.40","870.68","873.12","883.69","907.19","1,460","1,052","1,625"
"2019/08/13","855.0","862.0","855.0","855.0","-7.0","1,300","1,116","0","2,200","0.00","-","-","870.80","871.16","873.08","884.63","906.85","1,620","1,076","1,685"
"2019/08/09","882.0","882.0","858.0","862.0","-26.0","1,800","1,555","0","2,200","0.00","-","-","873.20","871.56","873.21","885.28","906.52","1,700","1,056","1,776"
"2019/08/08","877.0","901.0","877.0","888.0","+6.0","3,500","3,119","0","2,200","0.00","-","-","875.60","871.84","873.83","885.61","906.18","1,440","1,016","1,772"
"2019/08/07","870.0","882.0","870.0","882.0","+15.0","500","438","0","2,200","0.00","-","-","873.80","871.00","874.19","885.63","905.76","1,380","1,124","1,732"
"2019/08/06","867.0","867.0","867.0","867.0","0.0","1,000","867","0","2,200","0.00","-","-","874.40","870.76","874.60","885.51","905.27","1,400","1,164","1,729"
"2019/08/05","864.0","874.0","864.0","867.0","-7.0","1,700","1,473","0","2,200","0.00","-","-","877.60","870.56","875.04","885.62","904.95","1,860","1,212","1,718"
"2019/08/02","878.0","878.0","868.0","874.0","-5.0","500","436","0","2,200","0.00","-","-","879.00","870.08","875.25","885.86","904.62","1,640","1,164","1,709"
"2019/08/01","885.0","890.0","860.0","879.0","-6.0","3,200","2,825","0","2,200","0.00","-","-","879.60","868.92","875.68","886.02","904.25","1,860","1,220","1,726"
"2019/07/31","868.0","885.0","868.0","885.0","+2.0","600","526","0","2,200","0.00","-","-","876.40","868.16","876.21","886.24","903.85","1,500","1,152","1,724"
"2019/07/30","880.0","887.0","865.0","883.0","+9.0","3,300","2,896","0","2,200","0.00","-","-","872.60","867.00","876.68","886.40","903.42","1,420","1,180","1,753"
"2019/07/29","873.0","874.0","870.0","874.0","-3.0","600","524","0","2,200","0.00","-","-","870.00","866.20","877.23","886.57","903.00","860","1,136","1,714"
"2019/07/26","848.0","877.0","848.0","877.0","+14.0","1,600","1,384","0","2,200","0.00","-","-","868.60","866.20","877.97","887.01","902.64","820","1,176","1,741"
"2018/04/04","1,020.0","1,020.0","1,020.0","1,020.0","+150.0","33,700","34,374","0","3,700","0.00","-","-","898.00","827.28","795.69","782.28","732.92","17,080","7,832","5,672"
"2018/03/29","847.0","872.0","841.0","869.0","+20.0","14,800","12,706","0","300","0.00","-","-","840.40","811.04","787.79","775.50","727.73","7,880","6,100","4,909"
"2018/03/28","828.0","850.0","826.0","849.0","+19.0","8,800","7,349","0","200","0.00","-","-","831.00","808.88","786.24","774.21","726.58","6,100","5,540","4,748"
"2018/03/27","834.0","836.0","830.0","830.0","-3.0","4,300","3,586","0","200","0.00","-","-","824.00","807.64","785.04","773.05","725.54","5,080","5,256","4,656"
"2018/03/26","814.0","833.0","814.0","833.0","+12.0","4,200","3,462","0","400","0.00","-","-","819.40","807.08","784.09","772.05","724.60","4,700","5,252","4,608"
"2018/03/23","815.0","825.0","814.0","821.0","-1.0","7,300","5,958","0","400","0.00","-","-","815.00","806.32","783.12","771.02","723.65","4,940","5,320","4,576"
"2018/03/22","820.0","824.0","820.0","822.0","+8.0","5,900","4,849","0","800","0.00","-","-","812.80","805.48","782.28","770.11","722.76","8,600","5,152","4,502"
"2018/03/20","802.0","814.0","802.0","814.0","+7.0","3,700","2,991","0","800","0.00","-","-","810.80","804.28","781.49","769.02","721.90","7,920","5,220","4,464"
"2018/03/19","808.0","818.0","806.0","807.0","-4.0","2,400","1,944","0","800","0.00","-","-","810.00","803.32","780.87","767.94","721.07","7,980","5,380","4,510"
"2018/03/16","814.0","818.0","801.0","811.0","+1.0","5,400","4,369","0","800","0.00","-","-","810.00","802.24","780.16","766.92","720.16","8,140","5,592","4,546"
"2018/03/15","812.0","837.0","804.0","810.0","-2.0","25,600","21,008","0","900","0.00","-","-","808.80","801.64","779.27","765.86","719.21","7,760","6,044","4,496"
"2017/11/07","733.0","736.0","733.0","736.0","+1.0","2,600","1,911","0","1,200","0.00","-","-","735.80","714.96","689.35","684.52","646.04","2,760","3,236","2,645"
"2017/11/06","732.0","738.0","731.0","735.0","+1.0","2,100","1,540","0","1,200","0.00","-","-","736.60","712.64","688.59","683.56","645.20","3,360","3,160","2,637"
"2017/11/02","739.0","739.0","733.0","734.0","-5.0","2,800","2,063","0","1,200","0.00","-","-","736.20","710.36","687.85","682.69","644.36","3,280","3,104","2,620"
"2017/11/01","735.0","739.0","730.0","739.0","+4.0","5,000","3,676","0","1,200","0.00","-","-","735.40","708.16","687.09","681.72","643.52","3,360","3,052","2,606"
"2017/10/31","739.0","739.0","729.0","735.0","-5.0","1,300","950","0","1,200","0.00","-","-","733.60","705.52","686.24","680.78","642.68","2,860","2,888","2,561"
"2017/10/30","732.0","740.0","730.0","740.0","+7.0","5,600","4,111","0","1,200","0.00","-","-","732.60","703.08","685.51","679.95","641.85","4,060","2,888","2,604"
"2017/10/27","730.0","733.0","730.0","733.0","+3.0","1,700","1,243","0","1,200","0.00","-","-","727.20","700.24","684.64","678.94","641.01","4,440","2,908","2,549"
"2017/10/26","718.0","730.0","718.0","730.0","0.0","3,200","2,318","0","1,200","0.00","-","-","721.80","698.08","683.79","678.03","640.20","4,440","3,052","2,533"
"2017/10/25","730.0","730.0","726.0","730.0","0.0","2,500","1,824","0","1,200","0.00","-","-","716.80","696.28","682.95","677.15","639.37","3,800","3,020","2,548"
"2017/10/24","715.0","749.0","715.0","730.0","+17.0","7,300","5,301","0","1,200","0.00","-","-","711.80","694.60","682.21","676.27","638.52","3,560","3,172","2,556"
"2017/10/23","710.0","715.0","710.0","713.0","+7.0","7,500","5,347","0","1,200","0.00","-","-","707.60","692.80","681.48","675.41","637.67","2,480","2,936","2,580"
"2017/10/20","706.0","706.0","706.0","706.0","0.0","1,700","1,200","0","1,200","0.00","-","-","706.80","692.08","680.89","674.77","636.87","1,660","2,700","2,558"
"2017/10/19","-","-","-","-","-","0","-","0","1,200","0.00","-","-","706.00","691.44","680.40","674.20","636.10","1,380","2,936","2,597"
"2017/10/18","703.0","709.0","703.0","705.0","-4.0","1,300","916","0","1,200","0.00","-","-","705.00","690.68","679.85","673.40","635.32","1,820","3,120","2,689"
"2017/10/17","701.0","710.0","701.0","709.0","0.0","1,900","1,341","0","1,200","0.00","-","-","704.00","689.32","679.41","672.55","634.52","2,380","3,272","2,722"
"2017/10/16","705.0","710.0","705.0","709.0","+7.0","3,400","2,406","0","1,300","0.00","-","-","702.00","687.80","678.87","671.70","633.71","2,220","3,244","2,858"
"2017/10/13","702.0","702.0","702.0","702.0","+2.0","300","211","0","1,300","0.00","-","-","698.40","686.28","678.48","670.85","632.89","1,940","3,140","2,856"
"2017/10/12","701.0","704.0","700.0","700.0","0.0","2,200","1,545","0","1,300","0.00","-","-","696.80","684.92","678.12","670.07","632.10","2,380","3,332","2,942"
"2017/10/11","700.0","701.0","700.0","700.0","+1.0","4,100","2,872","0","1,300","0.00","-","-","696.80","683.72","677.80","669.19","631.31","2,040","3,440","2,954"
"2017/10/10","691.0","699.0","691.0","699.0","+8.0","1,100","765","0","1,300","0.00","-","-","697.20","682.60","677.45","668.26","630.50","1,960","3,340","2,937"
"2017/10/06","695.0","695.0","690.0","691.0","-3.0","2,000","1,384","0","1,400","0.00","-","-","696.80","681.52","677.04","667.42","629.71","4,660","3,492","2,981"
"2017/10/05","700.0","701.0","694.0","694.0","-6.0","2,500","1,747","0","1,300","0.00","-","-","694.20","680.56","676.76","666.71","628.95","4,400","3,460","3,017"
"2017/10/04","704.0","704.0","700.0","700.0","-2.0","500","351","0","1,300","0.00","-","-","691.00","679.76","676.33","665.97","628.16","4,040","3,424","3,078"
"2017/10/03","707.0","709.0","702.0","702.0","+5.0","3,700","2,612","0","1,300","0.00","-","-","686.80","678.64","675.80","665.17","627.33","4,240","3,432","3,140"
"2017/10/02","680.0","712.0","679.0","697.0","+19.0","14,600","10,167","0","1,300","0.00","-","-","681.00","677.44","675.08","664.12","626.50","3,680","3,376","3,110"
"2017/09/29","675.0","678.0","675.0","678.0","0.0","700","473","0","1,400","0.00","-","-","676.40","676.56","674.37","663.12","625.69","1,020","2,820","2,922"
"2017/09/28","679.0","680.0","677.0","678.0","-1.0","700","475","0","1,400","0.00","-","-","674.60","676.16","673.87","662.30","624.97","2,100","2,840","2,926"
"2017/09/27","667.0","679.0","667.0","679.0","+6.0","1,500","1,007","0","1,400","0.00","-","-","674.80","676.00","673.47","661.48","624.23","3,020","2,844","2,945"
"2017/09/26","671.0","680.0","671.0","673.0","-1.0","900","609","0","1,600","0.00","-","-","676.00","675.52","672.91","660.53","623.48","3,200","2,800","2,962"
"2017/09/25","666.0","678.0","666.0","674.0","+5.0","1,300","877","0","1,400","0.00","-","-","679.00","675.40","672.53","659.61","622.76","4,280","2,948","3,017"
"2017/09/22","679.0","679.0","664.0","669.0","-10.0","6,100","4,082","0","1,400","0.00","-","-","681.20","675.56","672.24","658.66","622.05","4,300","2,952","3,048"
"2017/09/21","685.0","686.0","675.0","679.0","-6.0","5,300","3,608","0","1,300","0.00","-","-","686.40","675.76","671.84","657.75","621.37","3,400","2,780","2,998"
"2017/09/20","688.0","690.0","685.0","685.0","-3.0","2,400","1,649","0","1,200","0.00","-","-","688.60","675.76","671.35","656.84","620.63","3,860","2,740","2,990"
"2017/09/19","682.0","696.0","682.0","688.0","+3.0","6,300","4,347","0","1,200","0.00","-","-","688.80","675.28","670.77","655.80","619.86","4,300","2,788","2,990"
"2017/09/15","685.0","686.0","682.0","685.0","-10.0","1,400","959","0","1,200","0.00","-","-","685.40","674.68","670.16","654.67","619.07","4,060","2,824","2,930"
"2017/09/14","694.0","695.0","688.0","695.0","+5.0","1,600","1,109","0","1,300","0.00","-","-","682.60","674.48","669.61","653.57","618.29","4,020","2,888","2,940"
"2017/09/13","686.0","697.0","682.0","690.0","+4.0","7,600","5,250","0","1,200","0.00","-","-","677.80","673.68","669.00","652.41","617.46","3,860","2,832","2,968"
"2017/09/12","677.0","686.0","677.0","686.0","+15.0","4,600","3,131","0","1,200","0.00","-","-","673.40","673.28","668.45","651.25","616.66","3,360","2,584","3,021"
"2017/09/11","668.0","676.0","665.0","671.0","0.0","5,100","3,423","0","1,200","0.00","-","-","670.20","673.04","667.64","650.23","615.82","3,420","2,440","2,986"
"2017/09/08","671.0","672.0","668.0","671.0","0.0","1,200","805","0","1,200","0.00","-","-","670.40","673.36","666.96","649.21","615.08","2,720","2,288","2,969"
"2017/09/07","668.0","671.0","668.0","671.0","+3.0","800","536","0","1,200","0.00","-","-","670.60","673.72","666.33","648.19","614.31","3,460","2,276","2,970"
"2017/09/06","665.0","668.0","660.0","668.0","-2.0","5,100","3,390","0","1,200","0.00","-","-","669.80","673.88","665.71","647.27","613.54","3,540","2,264","3,001"
"2017/09/05","673.0","673.0","670.0","670.0","-2.0","4,900","3,283","0","1,200","0.00","-","-","671.00","674.36","665.12","646.42","612.78","2,840","2,124","3,016"
"2017/09/04","672.0","672.0","670.0","672.0","0.0","1,600","1,074","0","2,500","0.00","-","-","671.40","674.68","664.35","645.58","612.02","2,000","1,968","2,985"
"2017/09/01","670.0","672.0","670.0","672.0","+5.0","4,900","3,284","0","2,600","0.00","-","-","671.40","674.76","663.48","644.81","611.21","2,140","2,020","3,005"
"2017/08/31","675.0","675.0","667.0","667.0","-7.0","1,200","803","0","2,600","0.00","-","-","672.00","675.08","662.72","643.98","610.45","1,300","1,872","2,958"
"2017/08/30","675.0","675.0","674.0","674.0","+2.0","1,600","1,079","0","2,500","0.00","-","-","672.20","675.60","662.09","643.14","609.71","1,300","1,924","2,946"
"2017/08/22","670.0","670.0","667.0","667.0","-3.0","400","268","0","2,200","0.00","-","-","673.60","677.20","656.64","639.00","605.20","2,500","1,912","3,366"
"2017/08/10","681.0","682.0","672.0","680.0","+5.0","3,000","2,034","0","2,700","0.00","-","-","678.80","677.36","648.00","635.80","600.14","1,380","1,672","3,230"
"2017/08/09","675.0","675.0","675.0","675.0","-5.0","200","135","0","2,800","0.00","-","-","678.80","677.16","646.60","635.27","599.44","960","1,916","3,209"
"2017/08/08","676.0","682.0","676.0","680.0","0.0","1,400","952","0","2,800","0.00","-","-","678.80","676.92","645.32","634.85","598.76","1,020","2,144","3,208"
"2017/08/07","680.0","680.0","675.0","680.0","+1.0","1,000","679","0","3,000","0.00","-","-","678.80","676.48","643.91","634.38","598.05","1,060","2,272","3,204"
"2017/08/04","671.0","679.0","670.0","679.0","-1.0","1,300","873","0","3,200","0.00","-","-","678.40","675.84","642.63","633.89","597.35","1,060","2,508","3,202"
"2017/08/03","679.0","680.0","676.0","680.0","+5.0","900","611","0","3,300","0.00","-","-","677.40","675.56","641.16","633.41","596.66","1,380","2,608","3,185"
"2017/08/02","675.0","675.0","675.0","675.0","-5.0","500","338","0","3,400","0.00","-","-","677.40","675.08","639.68","632.88","595.97","1,440","3,056","3,216"
"2017/08/01","680.0","680.0","678.0","680.0","+2.0","1,600","1,087","0","3,500","0.00","-","-","678.40","675.28","638.40","632.35","595.31","1,840","3,164","3,224"
"2017/07/31","673.0","678.0","672.0","678.0","+4.0","1,000","675","0","2,900","0.00","-","-","677.60","675.08","637.11","631.81","594.62","1,760","3,372","3,276"
"2017/07/28","682.0","684.0","670.0","674.0","-6.0","2,900","1,960","0","3,100","0.00","-","-","677.80","675.00","635.88","631.31","593.96","1,820","3,456","3,289"
"2017/07/27","678.0","680.0","678.0","680.0","0.0","1,200","815","0","3,400","0.00","-","-","678.80","675.00","634.83","630.81","593.30","1,400","3,452","3,274"
"2017/07/26","677.0","680.0","675.0","680.0","+4.0","2,500","1,691","0","3,900","0.00","-","-","679.20","674.52","633.61","630.29","592.60","1,340","3,580","3,281"
"2017/07/25","680.0","680.0","676.0","676.0","-3.0","1,200","815","0","3,900","0.00","-","-","679.00","674.12","632.32","629.77","591.90","1,240","3,668","3,278"
"2017/07/24","679.0","679.0","675.0","679.0","0.0","1,300","880","0","3,700","0.00","-","-","679.80","673.56","631.09","629.29","591.23","1,160","3,904","3,338"
"2017/07/21","682.0","682.0","679.0","679.0","-3.0","800","545","0","3,700","0.00","-","-","679.40","672.80","629.88","628.78","590.57","1,260","4,056","3,416"
"2017/07/20","681.0","682.0","680.0","682.0","+3.0","900","613","0","3,700","0.00","-","-","678.60","671.56","628.96","628.27","589.87","1,420","4,084","3,416"
"2017/07/19","680.0","680.0","679.0","679.0","-1.0","2,000","1,360","0","3,700","0.00","-","-","678.20","670.04","628.04","627.72","589.17","2,140","4,068","3,414"
"2017/07/18","678.0","680.0","678.0","680.0","+3.0","800","543","0","3,700","0.00","-","-","677.40","668.48","627.20","627.20","588.50","2,040","4,028","3,410"
"2017/07/14","676.0","677.0","676.0","677.0","+2.0","1,800","1,217","0","3,700","0.00","-","-","675.20","667.20","626.27","626.59","587.83","1,980","4,080","3,421"
"2017/07/13","676.0","681.0","675.0","675.0","-5.0","1,600","1,082","0","3,700","0.00","-","-","673.20","665.60","625.59","625.94","587.15","2,480","4,120","3,465"
"2017/07/12","675.0","680.0","674.0","680.0","+5.0","4,500","3,052","0","3,700","0.00","-","-","673.20","664.40","624.91","625.27","586.49","2,780","4,256","3,496"
"2017/07/11","675.0","675.0","670.0","675.0","+6.0","1,500","1,010","0","3,700","0.00","-","-","672.20","663.28","624.15","624.65","585.83","3,700","4,220","3,466"
"2017/07/10","668.0","673.0","668.0","669.0","+2.0","500","335","0","2,900","0.00","-","-","671.00","661.84","623.44","624.12","585.19","4,580","4,256","3,508"
"2017/07/07","675.0","680.0","667.0","667.0","-8.0","4,300","2,895","0","3,000","0.00","-","-","671.00","660.76","622.91","623.57","584.59","5,400","4,424","3,522"
"2017/07/06","675.0","675.0","667.0","675.0","0.0","3,100","2,090","0","3,000","0.00","-","-","670.40","659.76","622.55","622.84","584.00","5,920","4,348","3,608"
"2017/07/05","670.0","675.0","660.0","675.0","+6.0","9,100","6,058","0","3,000","0.00","-","-","669.80","658.44","621.95","621.97","583.38","6,060","4,296","3,584"
"2017/07/04","670.0","675.0","667.0","669.0","0.0","5,900","3,948","0","3,000","0.00","-","-","668.40","657.20","621.31","621.07","582.75","6,660","4,016","3,494"
"2017/07/03","667.0","675.0","664.0","669.0","+5.0","4,600","3,070","0","3,000","0.00","-","-","670.60","656.40","620.83","620.21","582.14","6,120","3,928","3,457"
"2017/06/30","672.0","672.0","664.0","664.0","-8.0","6,900","4,629","0","3,200","0.00","-","-","671.80","655.60","620.35","619.34","581.54","6,560","4,208","3,437"
"2017/06/29","668.0","678.0","668.0","672.0","+4.0","3,800","2,559","0","3,200","0.00","-","-","674.20","654.04","619.91","618.54","580.96","5,800","4,012","3,360"
"2017/06/28","679.0","680.0","667.0","668.0","-12.0","12,100","8,155","0","3,200","0.00","-","-","674.60","651.96","619.36","617.72","580.30","5,600","4,012","3,370"
"2017/06/27","675.0","680.0","675.0","680.0","+5.0","3,200","2,167","0","4,900","0.00","-","-","674.60","650.20","618.81","616.89","579.66","4,060","3,580","3,249"
"2017/06/26","680.0","682.0","674.0","675.0","-1.0","6,800","4,607","0","4,900","0.00","-","-","672.60","647.96","618.04","615.89","578.95","4,360","3,576","3,245"
"2017/06/23","674.0","676.0","672.0","676.0","+2.0","3,100","2,088","0","2,900","0.00","-","-","670.00","645.92","617.39","614.92","578.25","4,420","3,552","3,233"
"2017/06/22","670.0","674.0","670.0","674.0","+6.0","2,800","1,880","0","2,900","0.00","-","-","666.80","643.36","616.75","613.91","577.54","4,820","3,532","3,225"
"2017/06/21","668.0","673.0","668.0","668.0","-2.0","4,400","2,948","0","2,900","0.00","-","-","661.60","640.68","616.08","612.90","576.85","4,560","3,544","3,242"
"2017/06/20","669.0","672.0","664.0","670.0","+8.0","4,700","3,143","0","3,000","0.00","-","-","656.80","638.56","615.55","611.95","576.17","3,780","3,424","3,224"
"2017/06/19","661.0","668.0","657.0","662.0","+2.0","7,100","4,707","0","3,700","0.00","-","-","650.80","636.56","614.99","610.95","575.49","3,040","3,248","3,204"
"2017/06/16","658.0","660.0","652.0","660.0","+12.0","5,100","3,346","0","2,300","0.00","-","-","648.00","634.88","614.53","610.03","574.84","2,040","3,172","3,146"
"2017/06/15","646.0","649.0","644.0","648.0","+4.0","1,500","970","0","2,200","0.00","-","-","643.40","633.28","614.11","609.11","574.19","1,580","3,828","3,114"
"2017/06/14","642.0","645.0","642.0","644.0","+4.0","500","322","0","2,200","0.00","-","-","642.80","631.24","613.84","608.31","573.63","2,280","3,820","3,150"
"2017/06/13","648.0","648.0","640.0","640.0","-8.0","1,000","644","0","2,200","0.00","-","-","644.40","629.36","613.61","607.55","573.08","2,900","3,996","3,197"
"2017/06/12","638.0","650.0","638.0","648.0","+11.0","2,100","1,353","0","2,000","0.00","-","-","644.20","627.60","613.44","606.83","572.59","3,180","4,016","3,237"
"2017/06/09","649.0","649.0","637.0","637.0","-8.0","2,800","1,793","0","2,100","0.00","-","-","643.00","625.52","613.05","606.03","572.03","3,700","4,108","3,285"
"2017/06/08","651.0","657.0","645.0","645.0","-7.0","5,000","3,252","0","2,100","0.00","-","-","644.00","623.40","612.72","605.32","571.52","3,620","4,028","3,294"
"2017/06/07","644.0","653.0","642.0","652.0","+13.0","3,600","2,335","0","2,100","0.00","-","-","643.40","620.84","612.23","604.57","570.96","2,980","3,888","3,297"
"2017/06/06","642.0","645.0","639.0","639.0","-3.0","2,400","1,540","0","2,100","0.00","-","-","641.80","617.92","611.77","603.74","570.37","2,680","3,904","3,376"
"2017/06/05","649.0","650.0","641.0","642.0","0.0","4,700","3,047","0","2,200","0.00","-","-","643.80","615.48","611.55","603.07","569.85","2,940","3,856","3,557"
"2017/06/02","642.0","642.0","638.0","642.0","0.0","2,400","1,534","0","2,200","0.00","-","-","645.20","613.32","611.17","602.37","569.31","4,320","3,808","4,649"
"2017/06/01","644.0","648.0","642.0","642.0","-2.0","1,800","1,159","0","2,100","0.00","-","-","641.80","610.88","610.53","601.59","568.80","4,240","3,756","4,684"
"2017/05/26","623.0","626.0","621.0","625.0","+5.0","2,000","1,248","0","2,200","0.00","-","-","623.40","599.64","607.25","598.00","566.71","3,280","3,132","4,525"
"2017/05/25","624.0","626.0","620.0","620.0","-4.0","3,800","2,366","0","2,300","0.00","-","-","620.80","598.00","606.71","597.24","566.29","3,400","3,088","4,537"
"2017/05/24","625.0","625.0","623.0","624.0","0.0","1,300","811","0","2,200","0.00","-","-","618.20","595.96","606.31","596.49","565.90","3,260","2,936","4,514"
"2017/05/23","624.0","625.0","621.0","624.0","0.0","3,100","1,934","0","2,300","0.00","-","-","616.40","593.76","605.79","595.72","565.47","3,280","3,012","4,549"
"2017/05/22","619.0","625.0","617.0","624.0","+12.0","6,200","3,855","0","2,200","0.00","-","-","615.60","591.96","605.20","594.93","565.04","2,720","2,932","4,549"
"2017/05/19","611.0","612.0","611.0","612.0","+5.0","2,600","1,590","0","2,300","0.00","-","-","614.80","590.32","604.59","594.13","564.62","2,520","2,904","4,509"
"2017/05/18","614.0","614.0","606.0","607.0","-8.0","3,100","1,884","0","2,400","0.00","-","-","616.40","589.28","604.09","593.42","564.25","6,300","2,880","4,502"
"2017/05/17","620.0","620.0","615.0","615.0","-5.0","1,400","864","0","3,000","0.00","-","-","614.40","588.80","603.64","592.74","563.88","5,940","2,828","4,486"
"2017/05/16","622.0","622.0","620.0","620.0","0.0","300","186","0","3,000","0.00","-","-","610.80","587.76","603.08","591.99","563.52","6,640","2,840","4,481"
"2017/05/15","625.0","625.0","616.0","620.0","0.0","5,200","3,229","0","3,000","0.00","-","-","606.00","586.28","602.41","591.19","563.12","6,880","2,920","4,492"
"2017/05/12","607.0","630.0","601.0","620.0","+23.0","21,500","13,260","0","2,900","0.00","-","-","601.20","584.84","601.75","590.34","562.72","6,720","2,940","4,464"
"2017/05/11","598.0","603.0","597.0","597.0","0.0","1,300","779","0","2,400","0.00","-","-","594.00","583.56","601.05","589.48","562.34","2,580","2,364","4,182"
"2017/05/10","599.0","604.0","596.0","597.0","+1.0","4,900","2,935","0","2,400","0.00","-","-","590.80","584.08","600.67","588.87","562.09","2,620","2,344","4,173"
"2017/05/09","596.0","600.0","593.0","596.0","0.0","1,500","894","0","2,300","0.00","-","-","587.20","584.72","600.28","588.25","561.84","2,440","2,180","4,122"
"2017/05/08","589.0","600.0","588.0","596.0","+12.0","4,400","2,609","0","2,300","0.00","-","-","583.60","585.52","599.91","587.64","561.59","2,380","2,188","4,108"
"2017/05/02","581.0","585.0","581.0","584.0","+3.0","800","466","0","1,500","0.00","-","-","582.00","586.08","599.53","586.98","561.35","2,200","2,076","4,089"
"2017/05/01","579.0","582.0","577.0","581.0","+2.0","1,500","869","0","1,500","0.00","-","-","581.40","587.76","599.29","586.42","561.16","2,260","2,248","4,096"
"2017/04/28","575.0","585.0","575.0","579.0","+1.0","4,000","2,315","0","1,500","0.00","-","-","580.20","589.48","599.15","585.91","561.01","2,160","2,344","4,098"
"2017/04/27","585.0","585.0","578.0","578.0","-10.0","1,200","699","0","1,600","0.00","-","-","579.40","591.24","599.01","585.44","560.87","1,640","2,276","4,090"
"2017/04/26","583.0","590.0","582.0","588.0","+7.0","3,500","2,047","0","1,500","0.00","-","-","579.60","593.00","598.93","584.98","560.75","1,420","2,412","4,085"
"2017/04/25","576.0","581.0","576.0","581.0","+6.0","1,100","636","0","1,200","0.00","-","-","576.80","594.64","598.72","584.41","560.59","940","2,336","4,078"
"2017/04/24","576.0","581.0","575.0","575.0","0.0","1,000","577","0","1,200","0.00","-","-","577.40","597.00","598.49","583.92","560.43","900","2,720","4,118"
"2017/04/21","579.0","582.0","574.0","575.0","-4.0","1,400","812","0","1,200","0.00","-","-","576.20","599.20","598.29","583.47","560.29","700","2,732","4,130"
"2017/04/20","579.0","579.0","579.0","579.0","+5.0","100","58","0","1,200","0.00","-","-","575.00","601.28","598.08","583.01","560.09","1,060","2,772","4,170"
"2017/04/19","583.0","583.0","574.0","574.0","-10.0","1,100","636","0","1,200","0.00","-","-","575.00","603.44","597.75","582.51","559.88","1,260","2,892","4,240"
"2017/04/18","570.0","584.0","570.0","584.0","0.0","900","521","0","1,100","0.00","-","-","576.80","605.80","597.45","582.06","559.66","2,140","2,972","4,282"
"2017/04/17","-","-","-","-","-","0","-","0","1,200","0.00","-","-","577.20","607.68","596.99","581.41","559.30","2,360","2,980","4,320"
"2017/04/14","574.0","579.0","569.0","569.0","-10.0","3,200","1,836","0","1,200","0.00","-","-","582.40","610.16","596.67","580.94","559.23","2,720","3,164","4,369"
"2017/04/13","583.0","583.0","573.0","579.0","-4.0","1,100","633","0","1,900","0.00","-","-","586.40","612.48","596.37","580.42","559.13","2,420","3,156","4,406"
"2017/04/12","585.0","586.0","576.0","583.0","-3.0","5,500","3,208","0","1,900","0.00","-","-","587.20","614.20","595.92","579.80","558.98","2,660","3,228","4,486"
"2017/04/11","595.0","595.0","586.0","586.0","-9.0","2,000","1,179","0","1,900","0.00","-","-","587.40","615.92","595.40","579.14","558.85","2,700","3,244","4,478"
"2017/04/10","589.0","595.0","586.0","595.0","+6.0","1,800","1,061","0","2,700","0.00","-","-","587.80","617.60","594.80","578.45","558.67","3,720","3,264","4,618"
"2017/04/07","593.0","593.0","577.0","589.0","+6.0","1,700","996","0","2,700","0.00","-","-","590.80","618.76","594.05","577.61","558.45","3,520","3,356","4,648"
"2017/04/06","584.0","584.0","570.0","583.0","-1.0","2,300","1,326","0","2,800","0.00","-","-","595.60","620.32","593.40","576.92","558.29","3,340","3,408","4,684"
"2017/04/05","580.0","584.0","570.0","584.0","-4.0","5,700","3,285","0","2,800","0.00","-","-","602.20","622.12","592.83","576.28","558.16","3,220","3,444","4,724"
"2017/04/04","610.0","613.0","580.0","588.0","-22.0","7,100","4,246","0","2,800","0.00","-","-","607.40","623.88","592.17","575.66","558.02","2,400","3,328","4,704"
"2017/04/03","613.0","613.0","610.0","610.0","-3.0","800","489","0","2,800","0.00","-","-","615.00","625.48","591.45","575.00","557.84","2,000","3,152","4,681"
"2017/03/31","616.0","621.0","613.0","613.0","-3.0","800","494","0","2,800","0.00","-","-","617.80","626.20","590.47","574.12","557.55","2,620","3,288","4,746"
"2017/03/30","610.0","619.0","610.0","616.0","+6.0","1,700","1,045","0","2,800","0.00","-","-","619.80","626.76","589.43","573.21","557.25","2,920","3,416","4,766"
"2017/03/29","606.0","615.0","606.0","610.0","-16.0","1,600","976","0","3,200","0.00","-","-","621.00","627.20","588.35","572.27","556.96","3,500","3,508","4,794"
"2017/03/28","621.0","626.0","620.0","626.0","+2.0","5,100","3,176","0","2,800","0.00","-","-","624.80","627.56","587.28","571.39","556.71","3,500","3,672","4,809"
"2017/03/27","622.0","626.0","621.0","624.0","+1.0","3,900","2,430","0","3,100","0.00","-","-","627.60","627.00","585.97","570.34","556.35","4,620","3,608","4,810"
"2017/03/24","622.0","629.0","622.0","623.0","+1.0","2,300","1,436","0","2,800","0.00","-","-","628.80","626.36","584.72","569.31","556.01","4,100","3,660","4,812"
"2017/03/23","634.0","634.0","614.0","622.0","-7.0","4,600","2,878","0","2,800","0.00","-","-","629.60","626.16","583.51","568.28","555.67","4,120","3,948","4,805"
"2017/03/22","637.0","637.0","629.0","629.0","-11.0","1,600","1,010","0","2,700","0.00","-","-","631.80","626.16","582.31","567.28","555.34","3,820","4,404","4,777"
"2017/03/21","630.0","640.0","630.0","640.0","+10.0","10,700","6,811","0","2,700","0.00","-","-","632.60","625.56","581.00","566.38","554.99","4,120","7,804","4,794"
"2017/03/17","627.0","633.0","627.0","630.0","+3.0","1,300","819","0","2,700","0.00","-","-","630.80","623.72","579.56","565.39","554.58","2,200","7,576","4,677"
"2017/03/16","631.0","635.0","627.0","627.0","-6.0","2,400","1,513","0","2,700","0.00","-","-","631.00","622.04","578.23","564.48","554.19","2,860","7,628","4,701"
"2017/03/14","631.0","635.0","630.0","633.0","+2.0","3,100","1,958","0","2,900","0.00","-","-","628.80","618.36","575.53","562.66","553.43","2,940","7,548","4,676"
"2017/03/13","631.0","635.0","630.0","631.0","0.0","1,100","696","0","3,400","0.00","-","-","627.40","616.32","574.15","561.72","553.03","3,500","7,472","4,674"
"2017/03/10","630.0","635.0","629.0","631.0","+4.0","4,600","2,906","0","3,400","0.00","-","-","626.80","614.44","572.65","560.81","552.63","3,780","7,544","4,697"
"2017/03/09","621.0","627.0","621.0","627.0","+5.0","3,000","1,873","0","3,600","0.00","-","-","625.40","612.80","571.20","559.90","552.24","3,680","7,444","4,682"
"2017/03/08","624.0","626.0","622.0","622.0","-4.0","2,900","1,808","0","3,700","0.00","-","-","625.60","611.12","569.73","559.05","551.89","3,680","7,480","4,694"
"2017/03/07","627.0","629.0","621.0","626.0","-2.0","5,900","3,692","0","4,100","0.00","-","-","626.80","609.44","568.33","558.26","551.57","3,740","7,488","4,686"
"2017/03/06","625.0","628.0","625.0","628.0","+4.0","2,500","1,563","0","4,700","0.00","-","-","627.20","607.52","566.88","557.42","551.24","3,120","7,380","4,625"
"2017/03/03","638.0","638.0","622.0","624.0","-4.0","4,100","2,578","0","5,300","0.00","-","-","627.20","605.40","565.40","556.60","550.89","3,160","7,364","4,621"
"2017/03/02","628.0","631.0","628.0","628.0","0.0","3,000","1,889","0","5,700","0.00","-","-","628.00","603.36","563.89","555.78","550.49","3,180","7,276","4,648"
"2017/03/01","628.0","630.0","625.0","628.0","0.0","3,200","2,011","0","5,700","0.00","-","-","627.80","601.16","562.45","554.91","550.08","3,380","7,196","4,642"
"2017/02/28","628.0","628.0","622.0","628.0","0.0","2,800","1,751","0","4,500","0.00","-","-","627.60","598.84","561.00","554.03","549.68","3,540","7,112","4,736"
"2017/02/27","629.0","629.0","627.0","628.0","0.0","2,700","1,694","0","4,100","0.00","-","-","625.80","596.52","559.59","553.16","549.29","4,120","7,124","4,713"
"2017/02/24","627.0","634.0","627.0","628.0","+1.0","4,200","2,647","0","4,100","0.00","-","-","622.60","594.12","558.17","552.35","548.94","4,280","7,032","4,698"
"2017/02/23","627.0","629.0","620.0","627.0","0.0","4,000","2,502","0","4,400","0.00","-","-","618.60","591.72","556.76","551.47","548.57","4,480","6,888","4,649"
"2017/02/22","625.0","627.0","622.0","627.0","+8.0","4,000","2,500","0","4,700","0.00","-","-","616.80","589.36","555.36","550.61","548.24","5,580","6,772","4,612"
"2017/02/21","619.0","620.0","618.0","619.0","+7.0","5,700","3,530","0","4,800","0.00","-","-","615.80","587.00","553.96","549.80","547.91","7,980","6,628","4,577"
"2017/02/20","610.0","612.0","607.0","612.0","+4.0","3,500","2,134","0","3,600","0.00","-","-","614.80","584.96","552.67","549.07","547.62","24,160","6,520","4,574"
"2017/02/17","611.0","612.0","608.0","608.0","-10.0","5,200","3,173","0","3,600","0.00","-","-","611.20","583.12","551.45","548.35","547.35","24,460","6,432","4,596"
"2017/02/16","623.0","623.0","614.0","618.0","-4.0","9,500","5,871","0","3,600","0.00","-","-","607.20","581.60","550.29","547.70","547.12","23,940","6,292","4,550"
"2017/02/15","630.0","635.0","616.0","622.0","+8.0","16,000","10,048","0","3,600","0.00","-","-","600.60","579.64","548.99","547.00","546.87","22,520","6,048","4,456"
"2017/02/14","591.0","689.0","585.0","614.0","+20.0","86,600","55,549","0","4,600","0.00","-","-","592.80","577.64","547.65","546.26","546.58","19,540","5,440","4,721"
"2017/02/13","597.0","597.0","589.0","594.0","+6.0","5,000","2,965","0","3,100","0.00","-","-","586.40","575.96","546.65","545.60","546.34","2,460","2,096","3,666"
"2017/02/10","585.0","588.0","585.0","588.0","+3.0","2,600","1,524","0","3,100","0.00","-","-","584.40","574.76","545.95","545.16","546.20","2,040","2,060","3,614"
"2017/02/09","582.0","593.0","582.0","585.0","+2.0","2,400","1,404","0","3,100","0.00","-","-","584.80","573.64","545.29","544.78","546.14","1,940","2,032","3,580"
"2017/02/08","585.0","585.0","583.0","583.0","+1.0","1,100","642","0","3,100","0.00","-","-","584.80","572.60","544.68","544.43","546.09","2,240","2,112","3,550"
"2017/02/07","584.0","587.0","582.0","582.0","-2.0","1,200","701","0","3,100","0.00","-","-","584.20","571.44","544.09","544.06","546.05","2,640","2,280","3,538"
"2017/02/06","586.0","589.0","583.0","584.0","-6.0","2,900","1,699","0","3,200","0.00","-","-","583.40","570.24","543.52","543.73","545.96","3,040","2,404","3,537"
"2017/02/03","582.0","590.0","579.0","590.0","+5.0","2,100","1,229","0","3,100","0.00","-","-","581.60","568.84","542.93","543.38","545.86","2,880","2,436","3,522"
"2017/02/02","580.0","585.0","575.0","585.0","+5.0","3,900","2,268","0","3,100","0.00","-","-","578.20","567.04","542.27","542.88","545.70","2,840","2,500","3,497"
"2017/02/01","578.0","580.0","577.0","580.0","+2.0","3,100","1,792","0","3,300","0.00","-","-","575.80","565.52","541.69","542.43","545.58","2,260","2,584","3,449"
"2017/01/31","572.0","579.0","572.0","578.0","+3.0","3,200","1,841","0","3,300","0.00","-","-","573.80","564.12","541.20","542.00","545.49","1,860","2,744","3,420"
"2017/01/30","573.0","577.0","573.0","575.0","+2.0","2,100","1,208","0","3,300","0.00","-","-","572.20","562.76","540.72","541.57","545.42","1,840","2,812","3,380"
"2017/01/16","570.0","570.0","566.0","566.0","-4.0","1,300","738","0","3,400","0.00","-","-","569.80","549.32","537.11","538.03","545.97","2,040","4,236","3,672"
"2017/01/13","569.0","570.0","569.0","570.0","+1.0","1,700","968","0","3,400","0.00","-","-","569.40","547.80","536.76","537.71","546.11","2,600","4,392","3,665"
"2017/01/12","572.0","572.0","567.0","569.0","-3.0","3,400","1,934","0","3,700","0.00","-","-","567.40","546.20","536.40","537.35","546.23","2,640","4,484","3,652"
"2017/01/11","572.0","573.0","572.0","572.0","0.0","800","458","0","3,700","0.00","-","-","565.40","544.72","536.12","537.00","546.31","2,840","4,420","3,606"
"2017/01/10","572.0","575.0","565.0","572.0","+8.0","3,000","1,712","0","3,700","0.00","-","-","561.80","543.12","535.80","536.62","546.40","3,740","4,488","3,596"
"2017/01/06","561.0","564.0","557.0","564.0","+4.0","4,100","2,299","0","3,700","0.00","-","-","557.80","541.48","535.48","536.25","546.52","4,000","4,484","3,578"
"2017/01/05","561.0","563.0","559.0","560.0","+1.0","1,900","1,066","0","4,500","0.00","-","-","554.80","540.20","535.29","536.01","546.64","3,920","4,396","3,524"
"2017/01/04","558.0","564.0","558.0","559.0","+5.0","4,400","2,465","0","4,600","0.00","-","-","551.80","539.00","535.16","535.87","546.76","4,280","4,444","3,504"
"2016/12/30","552.0","555.0","551.0","554.0","+2.0","5,300","2,930","0","4,600","0.00","-","-","549.40","537.80","535.04","535.71","546.89","4,600","4,316","3,448"
"2016/12/29","555.0","555.0","549.0","552.0","+3.0","4,300","2,366","0","4,600","0.00","-","-","547.60","536.80","534.93","535.54","547.08","4,960","4,200","3,380"
"2016/12/28","547.0","551.0","547.0","549.0","+4.0","3,700","2,028","0","4,600","0.00","-","-","546.00","535.88","534.89","535.41","547.31","5,080","4,148","3,332"
"2016/12/27","548.0","549.0","545.0","545.0","-2.0","3,700","2,024","0","4,600","0.00","-","-","544.40","534.68","534.89","535.34","547.52","6,840","4,112","3,290"
"2016/12/26","545.0","548.0","542.0","547.0","+2.0","6,000","3,274","0","4,000","0.00","-","-","543.20","533.76","534.83","535.31","547.74","6,900","4,104","3,241"
"2016/12/22","546.0","555.0","544.0","545.0","+1.0","7,100","3,881","0","3,400","0.00","-","-","541.80","532.56","534.73","535.22","547.95","6,580","4,020","3,164"
"2016/12/21","551.0","556.0","544.0","544.0","+3.0","4,900","2,688","0","3,400","0.00","-","-","540.80","531.44","534.63","535.15","548.20","6,220","3,828","3,074"
"2016/12/20","539.0","565.0","539.0","541.0","+2.0","12,500","6,851","0","3,500","0.00","-","-","539.00","530.36","534.51","535.10","548.45","6,080","3,684","3,009"
"2016/12/19","540.0","543.0","539.0","539.0","-1.0","4,000","2,164","0","3,600","0.00","-","-","537.60","529.40","534.43","535.08","548.69","4,660","3,272","2,850"
"2016/12/16","540.0","544.0","540.0","540.0","0.0","4,400","2,386","0","3,600","0.00","-","-","537.00","528.28","534.37","535.02","548.90","5,000","3,356","2,826"
"2016/12/15","535.0","542.0","535.0","540.0","+5.0","5,300","2,851","0","3,600","0.00","-","-","536.00","527.48","534.28","535.05","549.11","4,580","3,284","2,777"
"2016/12/14","534.0","536.0","533.0","535.0","+1.0","4,200","2,247","0","3,700","0.00","-","-","535.00","526.64","534.19","535.05","549.35","4,280","3,480","2,706"
"2016/12/13","534.0","536.0","534.0","534.0","-2.0","5,400","2,887","0","3,700","0.00","-","-","534.00","526.12","534.16","535.10","549.58","3,980","3,356","2,658"
"2016/12/12","538.0","543.0","533.0","536.0","+1.0","5,700","3,063","0","3,700","0.00","-","-","532.80","525.64","534.11","535.19","549.80","3,940","3,204","2,589"
"2016/12/09","535.0","537.0","534.0","535.0","0.0","2,300","1,231","0","3,700","0.00","-","-","531.60","525.08","534.09","535.31","550.04","3,600","2,996","2,517"
"2016/12/08","532.0","536.0","531.0","535.0","+5.0","3,800","2,025","0","3,600","0.00","-","-","531.00","524.56","534.09","535.42","550.29","3,500","2,952","2,497"
"2016/12/07","526.0","532.0","526.0","530.0","+2.0","2,700","1,426","0","3,400","0.00","-","-","530.40","524.04","534.19","535.53","550.46","3,240","2,856","2,448"
"2016/12/06","533.0","540.0","528.0","528.0","-2.0","5,200","2,765","0","3,400","0.00","-","-","530.60","523.72","534.27","535.72","550.66","3,280","2,968","2,414"
"2016/12/05","532.0","532.0","530.0","530.0","-2.0","4,000","2,125","0","3,300","0.00","-","-","531.40","523.44","534.35","535.89","550.79","2,620","2,964","2,346"
"2016/12/02","532.0","535.0","532.0","532.0","0.0","1,800","959","0","2,800","0.00","-","-","531.40","523.08","534.40","536.10","551.09","2,440","2,876","2,293"
"2016/12/01","532.0","535.0","531.0","532.0","+1.0","2,500","1,331","0","2,800","0.00","-","-","530.80","522.60","534.43","536.29","551.38","2,320","2,900","2,269"
"2016/11/25","534.0","535.0","529.0","529.0","0.0","1,200","636","0","2,800","0.00","-","-","525.60","523.24","534.83","537.10","552.62","2,580","4,264","2,178"
"2016/11/24","531.0","535.0","529.0","529.0","0.0","2,400","1,274","0","2,800","0.00","-","-","523.20","523.64","535.01","537.17","553.03","3,120","4,224","2,168"
"2016/11/22","529.0","530.0","520.0","529.0","+10.0","3,000","1,581","0","2,800","0.00","-","-","520.80","524.04","535.12","537.24","553.43","3,100","4,136","2,144"
"2016/11/21","517.0","522.0","517.0","519.0","-3.0","2,800","1,455","0","3,300","0.00","-","-","518.40","524.44","535.25","537.25","553.79","2,760","4,060","2,145"
"2016/11/18","517.0","535.0","517.0","522.0","+5.0","3,500","1,832","0","3,000","0.00","-","-","518.00","525.28","535.56","537.19","554.17","2,640","4,020","2,121"
"2016/11/17","517.0","520.0","516.0","517.0","0.0","3,900","2,018","0","3,400","0.00","-","-","515.80","526.00","535.83","537.52","554.57","3,160","3,888","2,076"
"2016/11/16","517.0","523.0","517.0","517.0","0.0","2,300","1,194","0","3,500","0.00","-","-","516.40","527.00","536.11","537.84","554.98","2,900","3,744","2,030"
"2016/11/15","514.0","523.0","514.0","517.0","0.0","1,300","673","0","3,400","0.00","-","-","516.80","528.04","536.39","538.16","555.36","4,480","3,688","2,050"
"2016/11/14","512.0","521.0","511.0","517.0","+6.0","2,200","1,133","0","2,400","0.00","-","-","517.80","529.04","536.68","538.55","555.72","4,440","3,644","2,034"
"2016/11/11","520.0","521.0","510.0","511.0","-9.0","6,100","3,135","0","2,500","0.00","-","-","518.80","530.20","536.97","538.88","556.02","4,320","3,568","2,006"
"2016/11/09","521.0","521.0","510.0","519.0","-3.0","10,200","5,242","0","2,500","0.00","-","-","521.40","532.28","537.57","539.66","556.69","2,920","3,228","1,912"
"2016/08/23","530.0","530.0","530.0","530.0","-5.0","200","106","0","1,900","0.00","-","-","535.60","537.92","546.40","550.98","571.94","320","720","1,168"
"2016/08/22","530.0","535.0","530.0","535.0","0.0","300","160","0","1,900","0.00","-","-","536.40","538.44","546.76","551.64","572.21","300","720","1,169"
"2016/08/19","532.0","537.0","532.0","535.0","-7.0","800","427","0","1,900","0.00","-","-","536.20","538.96","547.03","552.23","572.49","240","716","1,178"
"2016/08/18","542.0","542.0","542.0","542.0","+6.0","100","54","0","2,200","0.00","-","-","536.00","539.40","547.36","552.82","572.75","80","772","1,197"
"2016/08/17","536.0","536.0","536.0","536.0","+2.0","200","107","0","2,200","0.00","-","-","534.40","539.56","547.61","553.34","572.97","400","804","1,196"
"2016/08/16","534.0","534.0","534.0","534.0","0.0","100","53","0","2,300","0.00","-","-","534.20","540.08","547.95","553.90","573.21","620","848","1,293"
"2016/08/15","-","-","-","-","-","0","-","0","2,300","0.00","-","-","535.40","540.52","548.28","554.50","573.47","640","848","1,326"
"2016/08/12","-","-","-","-","-","0","-","0","2,300","0.00","-","-","537.80","541.20","548.64","555.10","573.70","720","848","1,350"
"2016/08/10","525.0","534.0","525.0","534.0","-1.0","1,700","899","0","2,300","0.00","-","-","539.60","541.88","549.11","555.61","574.02","800","892","1,356"
"2016/08/09","540.0","540.0","535.0","535.0","-5.0","1,300","700","0","2,300","0.00","-","-","540.20","542.72","549.49","556.18","574.35","580","852","1,349"
"2016/08/08","540.0","540.0","540.0","540.0","-6.0","200","108","0","2,800","0.00","-","-","541.00","543.52","549.92","556.78","574.68","940","1,200","1,344"
"2016/08/05","540.0","549.0","540.0","546.0","+3.0","400","218","0","2,900","0.00","-","-","541.40","543.88","550.27","557.26","574.98","1,100","1,240","1,344"
"2016/08/04","540.0","543.0","540.0","543.0","+6.0","400","217","0","3,000","0.00","-","-","540.60","543.92","550.65","557.65","575.23","1,040","1,276","1,338"
"2016/08/03","544.0","545.0","536.0","537.0","-2.0","600","324","0","3,100","0.00","-","-","539.60","543.64","551.08","558.07","575.53","1,060","1,308","1,336"
"2016/08/02","546.0","546.0","539.0","539.0","-3.0","3,100","1,681","0","3,100","0.00","-","-","539.80","543.60","551.59","558.62","575.79","1,700","1,360","1,333"
"2016/08/01","542.0","542.0","542.0","542.0","0.0","1,000","542","0","1,500","0.00","-","-","539.80","543.24","551.93","559.21","576.08","1,100","1,456","1,312"
"2016/07/12","546.0","546.0","546.0","546.0","-3.0","900","491","0","1,200","0.00","-","-","548.40","548.00","557.29","565.16","579.56","680","1,700","1,560"
"2016/07/11","535.0","549.0","535.0","549.0","+4.0","1,300","703","0","800","0.00","-","-","550.20","548.52","557.93","565.38","579.88","640","1,664","1,562"
"2016/07/08","545.0","545.0","545.0","545.0","0.0","100","55","0","900","0.00","-","-","551.40","548.92","558.51","565.60","580.17","2,380","1,616","1,556"
"2016/07/07","-","-","-","-","-","0","-","0","1,200","0.00","-","-","552.20","549.32","559.16","565.68","580.49","2,600","1,612","1,558"
"2016/07/06","558.0","558.0","548.0","551.0","-4.0","1,100","606","0","1,200","0.00","-","-","551.40","549.48","559.73","566.08","580.77","2,860","1,620","1,564"
"2016/07/05","555.0","561.0","555.0","555.0","0.0","700","390","0","800","0.00","-","-","548.40","549.68","560.19","566.47","580.97","2,880","1,580","1,554"
"2016/07/04","549.0","559.0","549.0","555.0","+6.0","10,000","5,502","0","800","0.00","-","-","544.60","549.72","560.67","566.83","581.15","3,120","1,596","1,554"
"2016/07/01","552.0","552.0","549.0","549.0","+2.0","1,200","662","0","800","0.00","-","-","539.60","549.88","561.20","567.19","581.42","2,220","1,212","1,478"
"2016/06/30","537.0","550.0","537.0","547.0","+11.0","1,300","709","0","800","0.00","-","-","532.40","550.24","561.72","567.66","581.76","3,940","1,180","1,466"
"2016/06/29","537.0","537.0","527.0","536.0","0.0","1,200","634","0","2,000","0.00","-","-","534.00","550.44","562.23","568.14","582.07","3,700","1,188","1,449"
"2016/06/28","530.0","540.0","530.0","536.0","+6.0","1,900","1,016","0","2,000","0.00","-","-","536.60","551.04","562.88","568.88","582.44","3,740","1,192","1,434"
"2016/06/27","525.0","530.0","525.0","530.0","+17.0","5,500","2,889","0","2,000","0.00","-","-","539.20","551.88","563.63","569.62","582.85","3,500","1,176","1,414"
"2016/06/24","547.0","548.0","513.0","513.0","-42.0","9,800","5,308","0","2,100","0.00","-","-","544.40","552.76","564.53","570.32","583.18","2,420","960","1,356"
"2016/06/23","555.0","555.0","555.0","555.0","+6.0","100","56","0","1,900","0.00","-","-","551.80","554.32","565.56","571.15","583.57","520","572","1,244"
"2016/06/22","549.0","549.0","549.0","549.0","0.0","1,400","769","0","1,900","0.00","-","-","551.00","554.20","566.03","571.61","583.68","660","584","1,256"
"2016/06/21","551.0","551.0","549.0","549.0","-7.0","700","385","0","1,900","0.00","-","-","552.80","554.52","566.55","572.11","583.68","440","536","1,254"
"2016/06/20","556.0","556.0","556.0","556.0","+6.0","100","56","0","1,800","0.00","-","-","554.40","554.92","567.16","572.55","584.02","400","516","1,250"
"2016/06/17","550.0","550.0","550.0","550.0","-1.0","300","165","0","1,900","0.00","-","-","554.40","555.04","567.68","572.88","584.42","640","512","1,257"
"2016/06/16","553.0","553.0","551.0","551.0","-7.0","800","441","0","1,900","0.00","-","-","554.80","555.40","568.19","573.16","584.90","800","832","1,256"
"2016/06/15","553.0","558.0","553.0","558.0","+1.0","300","167","0","1,700","0.00","-","-","555.00","555.12","568.60","573.43","585.39","780","900","1,246"
"2016/06/14","555.0","557.0","548.0","557.0","+1.0","500","277","0","1,800","0.00","-","-","553.80","554.60","568.92","573.72","585.85","760","944","1,249"
"2016/06/13","548.0","556.0","546.0","556.0","+4.0","1,300","720","0","2,100","0.00","-","-","554.20","554.24","569.32","574.02","586.31","660","1,028","1,244"
"2016/06/10","555.0","555.0","552.0","552.0","0.0","1,100","609","0","2,100","0.00","-","-","554.80","554.04","569.65","574.45","586.76","420","1,060","1,232"
"2016/06/09","552.0","552.0","551.0","552.0","0.0","700","386","0","2,100","0.00","-","-","555.40","554.24","570.00","574.92","587.24","200","1,028","1,221"
"2016/06/08","552.0","552.0","552.0","552.0","0.0","200","110","0","2,200","0.00","-","-","556.00","554.36","570.44","575.41","587.73","100","1,040","1,232"
"2016/06/07","-","-","-","-","-","0","-","0","2,000","0.00","-","-","556.80","554.68","570.88","575.85","588.19","80","1,120","1,233"
"2016/06/06","559.0","559.0","559.0","559.0","0.0","100","56","0","2,000","0.00","-","-","556.20","554.76","571.00","576.30","588.75","300","1,120","1,241"
"2016/06/03","-","-","-","-","-","0","-","0","2,100","0.00","-","-","556.20","554.84","571.16","576.74","589.28","360","1,416","1,252"
"2016/06/02","556.0","556.0","555.0","555.0","-1.0","200","111","0","2,200","0.00","-","-","556.80","555.00","571.13","577.21","589.86","440","1,520","1,276"
"2016/06/01","556.0","556.0","556.0","556.0","0.0","100","56","0","2,100","0.00","-","-","556.20","555.24","571.61","577.70","590.46","700","1,584","1,308"
"2016/05/31","560.0","560.0","556.0","556.0","-3.0","1,100","614","0","2,100","0.00","-","-","555.20","555.76","572.07","578.17","591.03","940","1,596","1,326"
"2016/05/30","559.0","559.0","559.0","559.0","+1.0","400","224","0","2,000","0.00","-","-","555.40","556.04","572.53","578.61","591.60","1,020","1,600","1,317"
"2016/05/27","555.0","558.0","555.0","558.0","+6.0","400","223","0","2,100","0.00","-","-","554.00","556.36","572.96","579.04","592.18","960","1,620","1,314"
"2016/05/26","559.0","559.0","552.0","552.0","+1.0","1,500","835","0","2,200","0.00","-","-","552.80","556.68","573.47","579.45","592.76","900","1,612","1,318"
"2016/05/25","557.0","559.0","550.0","551.0","-6.0","1,300","719","0","2,200","0.00","-","-","552.80","557.60","574.04","579.80","593.34","680","1,552","1,313"
"2016/05/24","558.0","558.0","553.0","557.0","+5.0","1,500","833","0","2,000","0.00","-","-","554.00","558.56","574.83","580.14","593.87","460","1,508","1,302"
"2016/05/23","552.0","552.0","552.0","552.0","0.0","100","55","0","2,000","0.00","-","-","554.40","559.28","575.53","580.47","594.43","200","1,464","1,301"
"2016/05/20","552.0","552.0","552.0","552.0","0.0","100","55","0","2,000","0.00","-","-","555.80","559.80","576.17","580.90","595.02","180","1,520","1,316"
"2016/05/19","557.0","557.0","552.0","552.0","-5.0","400","222","0","2,000","0.00","-","-","557.20","560.28","576.76","581.34","595.62","1,820","1,736","1,330"
"2016/05/18","557.0","557.0","557.0","557.0","-2.0","200","111","0","1,900","0.00","-","-","555.60","560.52","577.41","581.84","596.21","2,240","1,760","1,332"
"2016/05/09","558.0","558.0","551.0","551.0","-6.0","2,100","1,163","0","1,200","0.00","-","-","556.80","563.68","580.61","584.79","600.31","1,120","1,772","1,256"
"2016/05/06","557.0","557.0","557.0","557.0","+2.0","300","167","0","2,300","0.00","-","-","558.80","564.72","581.25","585.20","600.88","2,200","1,740","1,233"
"2016/05/02","560.0","560.0","554.0","555.0","-5.0","1,000","556","0","2,300","0.00","-","-","559.20","566.28","581.81","585.53","601.40","2,660","1,840","1,289"
"2016/04/28","561.0","562.0","560.0","560.0","0.0","2,200","1,235","0","2,400","0.00","-","-","560.40","567.84","582.43","585.93","601.95","2,820","1,816","1,288"
"2016/04/27","-","-","-","-","-","0","-","0","2,400","0.00","-","-","562.20","569.20","582.91","586.22","602.45","2,460","1,860","1,342"
"2016/04/26","559.0","561.0","559.0","561.0","+2.0","7,500","4,193","0","2,400","0.00","-","-","562.60","570.52","583.48","586.53","603.00","2,700","1,904","1,369"
"2016/04/25","567.0","567.0","559.0","559.0","-2.0","2,600","1,462","0","2,400","0.00","-","-","563.80","571.76","584.04","586.79","603.59","1,380","1,636","1,286"
"2016/04/22","565.0","568.0","561.0","561.0","-8.0","1,800","1,014","0","2,400","0.00","-","-","565.20","573.16","584.61","587.05","604.21","900","1,544","1,264"
"2015/12/14","584.0","585.0","580.0","583.0","-3.0","10,100","5,873","0","4,700","0.00","-","-","588.00","594.60","595.16","611.74","656.93","2,820","2,344","3,053"
"2015/12/11","590.0","590.0","585.0","586.0","-3.0","1,300","764","0","4,700","0.00","-","-","589.80","595.08","595.87","612.70","657.39","1,120","1,980","2,993"
"2015/12/10","589.0","589.0","588.0","589.0","0.0","700","412","0","4,700","0.00","-","-","590.60","595.52","596.65","613.63","657.83","1,140","2,032","2,989"
"2015/12/09","594.0","594.0","589.0","589.0","-4.0","1,500","887","0","4,700","0.00","-","-","591.80","595.68","597.45","614.48","658.19","1,800","2,028","3,010"
"2015/12/08","593.0","593.0","593.0","593.0","+1.0","500","297","0","4,700","0.00","-","-","591.80","595.68","598.27","615.20","658.58","1,780","2,068","3,025"
"2015/12/07","595.0","595.0","588.0","592.0","+2.0","1,600","944","0","4,800","0.00","-","-","591.60","595.60","599.03","615.83","659.00","2,020","2,136","3,045"
"2015/12/04","594.0","594.0","589.0","590.0","-5.0","1,400","826","0","4,800","0.00","-","-","590.60","595.48","599.73","616.56","659.49","2,460","2,076","3,037"
"2015/12/03","592.0","595.0","590.0","595.0","+6.0","4,000","2,377","0","4,800","0.00","-","-","589.60","595.24","600.51","617.26","659.85","2,600","2,088","3,038"
"2015/12/02","592.0","595.0","586.0","589.0","-3.0","1,400","826","0","4,800","0.00","-","-","588.80","595.08","601.24","617.97","660.05","2,020","1,992","3,004"
"2015/12/01","595.0","595.0","585.0","592.0","+5.0","1,700","1,000","0","4,800","0.00","-","-","589.60","595.00","601.99","618.68","660.22","1,980","2,076","3,121"
"2015/11/30","587.0","593.0","585.0","587.0","+2.0","3,800","2,235","0","4,800","0.00","-","-","589.40","594.76","603.03","619.46","660.27","2,260","2,200","3,146"
"2015/11/27","596.0","596.0","585.0","585.0","-6.0","2,100","1,240","0","4,700","0.00","-","-","592.00","594.64","604.07","620.39","660.33","1,720","2,384","3,133"
"2015/11/26","593.0","594.0","591.0","591.0","-2.0","1,100","652","0","4,600","0.00","-","-","595.00","594.68","605.21","621.36","660.41","1,520","2,472","3,129"
"2015/11/25","596.0","596.0","591.0","593.0","+2.0","1,200","711","0","4,600","0.00","-","-","596.00","594.28","606.33","622.14","660.45","1,660","2,684","3,122"
"2015/11/24","600.0","600.0","591.0","591.0","-9.0","3,100","1,840","0","4,600","0.00","-","-","597.40","594.44","607.36","622.89","660.48","1,980","2,748","3,122"
"2015/11/20","602.0","602.0","600.0","600.0","0.0","1,100","661","0","4,500","0.00","-","-","598.00","594.84","608.43","623.73","660.53","2,000","2,656","3,088"
"2015/11/19","598.0","601.0","598.0","600.0","+4.0","1,100","659","0","4,500","0.00","-","-","597.20","594.84","609.41","624.45","660.51","2,680","2,620","3,100"
"2015/11/18","600.0","600.0","593.0","596.0","-4.0","1,800","1,074","0","4,600","0.00","-","-","600.00","594.88","610.40","625.20","660.51","2,960","2,596","3,104"
"2015/11/17","596.0","601.0","594.0","600.0","+6.0","2,800","1,669","0","4,600","0.00","-","-","603.20","594.88","611.36","625.94","660.53","3,220","2,596","3,085"
"2015/11/16","595.0","595.0","590.0","594.0","-2.0","3,200","1,895","0","4,700","0.00","-","-","604.80","594.96","612.12","626.65","660.53","3,120","2,764","3,080"
"2015/11/13","605.0","606.0","590.0","596.0","-18.0","4,500","2,691","0","4,700","0.00","-","-","606.00","594.76","613.13","627.36","660.54","2,620","2,720","3,053"
"2015/11/12","612.0","614.0","610.0","614.0","+2.0","2,500","1,530","0","4,600","0.00","-","-","605.80","594.84","614.12","627.99","660.56","1,920","2,636","3,017"
"2015/11/11","609.0","612.0","609.0","612.0","+4.0","3,100","1,892","0","4,600","0.00","-","-","602.40","594.20","614.89","628.44","660.49","1,940","2,588","3,004"
"2015/11/10","603.0","608.0","603.0","608.0","+8.0","2,300","1,391","0","3,200","0.00","-","-","598.60","593.56","615.67","628.95","660.43","1,440","2,544","2,965"
"2015/11/09","600.0","600.0","598.0","600.0","+5.0","700","420","0","3,200","0.00","-","-","594.80","593.24","616.51","629.50","660.39","1,480","2,512","2,980"
"2015/11/06","598.0","599.0","595.0","595.0","-2.0","1,000","597","0","3,200","0.00","-","-","593.00","593.44","617.45","630.27","660.39","1,780","2,500","2,974"
"2015/11/05","596.0","597.0","592.0","597.0","+4.0","2,600","1,546","0","3,200","0.00","-","-","591.80","593.52","618.57","631.17","660.45","1,600","2,480","2,988"
"2015/11/04","593.0","594.0","589.0","593.0","+4.0","600","355","0","3,300","0.00","-","-","589.20","593.40","619.67","632.06","660.49","1,420","2,396","2,958"
"2015/11/02","586.0","595.0","586.0","589.0","-2.0","2,500","1,475","0","4,500","0.00","-","-","588.80","593.52","620.75","632.94","660.55","1,620","2,400","3,002"
"2015/10/30","589.0","591.0","583.0","591.0","+2.0","2,200","1,293","0","3,300","0.00","-","-","588.40","593.16","621.71","633.91","660.62","1,820","2,468","2,974"
"2015/10/29","589.0","589.0","589.0","589.0","+5.0","100","59","0","3,400","0.00","-","-","587.40","592.96","622.57","634.91","660.69","2,340","2,460","2,964"
"2015/10/28","590.0","590.0","582.0","584.0","-7.0","1,700","997","0","3,400","0.00","-","-","586.40","593.04","623.59","636.00","660.80","4,000","2,512","3,048"
"2015/10/27","587.0","592.0","584.0","591.0","+4.0","1,600","941","0","4,400","0.00","-","-","586.80","593.32","624.60","637.03","660.86","4,520","2,556","3,089"
"2015/10/26","590.0","591.0","586.0","587.0","+1.0","3,500","2,062","0","4,400","0.00","-","-","584.80","593.16","625.60","638.11","660.98","5,480","2,592","3,081"
"2015/10/23","587.0","589.0","585.0","586.0","+2.0","4,800","2,818","0","6,400","0.00","-","-","586.80","593.88","626.57","639.29","661.12","5,340","2,460","3,074"
"2015/10/22","585.0","587.0","581.0","584.0","-2.0","8,400","4,907","0","7,400","0.00","-","-","589.80","594.84","627.69","640.39","661.24","4,540","2,320","3,029"
"2015/10/21","581.0","586.0","581.0","586.0","+5.0","4,300","2,507","0","10,000","0.00","-","-","593.00","595.80","628.97","641.55","661.37","2,900","1,988","3,014"
"2015/10/20","598.0","598.0","579.0","581.0","-16.0","6,400","3,762","0","12,000","0.00","-","-","596.00","596.68","630.25","642.66","661.48","2,140","1,832","3,020"
"2015/10/19","597.0","597.0","593.0","597.0","-4.0","2,800","1,668","0","13,900","0.00","-","-","599.00","597.76","631.43","643.60","661.63","1,220","1,732","2,989"
"2015/10/16","600.0","601.0","596.0","601.0","+1.0","800","480","0","13,900","0.00","-","-","600.00","597.48","632.37","644.29","661.69","2,060","1,688","2,976"
"2015/10/15","600.0","600.0","600.0","600.0","-1.0","200","120","0","14,900","0.00","-","-","597.60","597.08","633.36","644.90","661.72","2,320","1,876","2,984"
"2015/10/14","601.0","601.0","596.0","601.0","+5.0","500","299","0","14,900","0.00","-","-","597.20","597.44","634.32","645.50","661.75","2,760","1,940","3,000"
"2015/10/13","603.0","604.0","596.0","596.0","-6.0","1,800","1,082","0","14,900","0.00","-","-","596.60","598.12","635.31","646.14","661.78","2,920","1,924","3,008"
"2015/10/09","589.0","610.0","588.0","602.0","+13.0","7,000","4,188","0","14,900","0.00","-","-","596.60","598.64","636.29","646.85","661.81","2,960","1,976","3,028"
"2015/10/08","598.0","598.0","589.0","589.0","-9.0","2,100","1,242","0","16,000","0.00","-","-","596.20","598.96","637.21","647.49","661.82","1,860","1,836","2,969"
"2015/10/07","599.0","599.0","591.0","598.0","0.0","2,400","1,426","0","16,000","0.00","-","-","599.40","600.08","638.23","648.23","661.98","1,520","1,892","2,956"
"2015/10/06","600.0","600.0","598.0","598.0","+2.0","1,300","778","0","17,100","0.00","-","-","599.20","600.04","639.04","649.39","662.06","1,140","1,916","2,978"
"2015/10/05","590.0","607.0","590.0","596.0","-4.0","2,000","1,192","0","17,100","0.00","-","-","598.40","599.76","639.85","650.86","662.10","980","2,156","3,060"
"2015/10/02","601.0","601.0","591.0","600.0","-5.0","1,500","898","0","17,100","0.00","-","-","598.40","599.00","640.75","652.38","662.18","720","2,440","3,057"
"2015/10/01","607.0","607.0","605.0","605.0","+8.0","400","242","0","17,100","0.00","-","-","594.40","596.96","641.59","653.84","662.25","1,260","4,144","3,094"
"2015/09/30","590.0","597.0","590.0","597.0","+3.0","500","298","0","17,100","0.00","-","-","590.60","597.44","642.55","655.23","662.26","1,580","4,316","3,150"
"2015/09/29","595.0","595.0","581.0","594.0","-2.0","500","294","0","17,200","0.00","-","-","589.40","599.00","643.72","656.63","662.35","1,760","4,520","3,166"
"2015/09/28","584.0","597.0","584.0","596.0","+16.0","700","415","0","17,200","0.00","-","-","588.80","601.04","644.95","657.96","662.45","2,220","4,540","3,172"
"2015/09/25","590.0","590.0","572.0","580.0","-6.0","4,200","2,423","0","17,300","0.00","-","-","587.00","603.16","646.08","659.37","662.53","2,580","4,604","3,182"
"2015/09/18","598.0","598.0","583.0","591.0","0.0","1,400","827","0","16,800","0.00","-","-","596.80","608.52","648.89","662.70","662.72","1,640","4,540","3,128"
"2015/09/17","590.0","600.0","588.0","591.0","+4.0","2,800","1,659","0","16,800","0.00","-","-","600.20","610.68","650.32","664.26","662.77","1,380","4,524","3,126"
"2015/09/16","604.0","604.0","587.0","587.0","-18.0","2,500","1,494","0","16,900","0.00","-","-","603.60","612.96","651.60","665.80","662.79","900","4,472","3,122"
"2015/09/15","610.0","610.0","605.0","605.0","-5.0","200","122","0","16,800","0.00","-","-","607.80","615.48","653.09","667.34","662.83","1,180","4,428","3,108"
"2015/09/14","608.0","613.0","603.0","610.0","+2.0","1,300","790","0","16,800","0.00","-","-","604.80","617.08","654.43","668.65","662.76","1,480","4,828","3,122"
"2015/09/04","611.0","611.0","600.0","609.0","-9.0","1,800","1,090","0","16,900","0.00","-","-","612.60","633.36","660.84","676.55","662.34","2,400","4,732","3,410"
"2015/09/02","600.0","619.0","600.0","609.0","-1.0","3,100","1,874","0","17,300","0.00","-","-","604.80","638.20","662.15","679.13","662.21","4,080","4,792","3,536"
"2015/08/31","602.0","617.0","600.0","617.0","+20.0","3,500","2,107","0","17,500","0.00","-","-","586.20","642.44","663.67","681.87","662.02","13,400","4,640","3,630"
"2015/08/28","587.0","610.0","587.0","597.0","+6.0","3,000","1,801","0","18,300","0.00","-","-","586.20","644.56","664.28","683.05","661.84","13,640","4,548","4,206"
"2015/08/27","581.0","610.0","581.0","591.0","+14.0","7,300","4,341","0","18,600","0.00","-","-","594.00","647.48","665.84","684.43","661.80","14,160","4,500","4,382"
"2015/08/26","570.0","577.0","552.0","577.0","+28.0","9,100","5,162","0","19,600","0.00","-","-","604.80","650.72","667.89","685.73","661.77","12,900","4,268","4,348"
"2015/08/25","595.0","595.0","549.0","549.0","-68.0","44,100","25,202","0","21,500","0.00","-","-","619.20","654.44","670.17","687.17","661.80","11,540","3,912","4,322"
"2015/08/24","629.0","630.0","616.0","617.0","-19.0","4,700","2,934","0","37,100","0.00","-","-","639.40","659.32","672.80","688.93","661.91","3,240","2,284","3,826"
"2015/08/21","644.0","644.0","636.0","636.0","-9.0","5,600","3,584","0","37,200","0.00","-","-","646.00","661.48","674.49","690.05","661.68","2,700","2,108","3,810"
"2015/08/20","645.0","646.0","645.0","645.0","-4.0","1,000","646","0","37,700","0.00","-","-","647.80","663.20","675.84","690.89","661.35","1,780","1,964","3,841"
"2015/08/19","650.0","651.0","649.0","649.0","-1.0","2,300","1,495","0","37,200","0.00","-","-","648.40","664.56","676.93","691.92","660.99","1,880","1,940","3,897"
"2015/08/18","650.0","654.0","650.0","650.0","0.0","2,600","1,691","0","37,200","0.00","-","-","648.60","665.56","678.11","692.88","660.65","1,700","2,004","3,970"
"2015/08/17","655.0","655.0","645.0","650.0","+5.0","2,000","1,294","0","37,400","0.00","-","-","647.60","666.00","679.43","693.88","660.30","3,220","1,916","3,981"
"2015/08/14","654.0","657.0","645.0","645.0","-3.0","1,000","652","0","37,200","0.00","-","-","651.60","666.24","680.76","694.91","659.95","3,540","1,892","4,118"
"2015/08/13","645.0","650.0","645.0","648.0","-2.0","1,500","971","0","37,500","0.00","-","-","655.60","667.04","682.12","695.92","659.60","3,900","2,108","4,129"
"2015/08/12","647.0","650.0","647.0","650.0","+5.0","1,400","909","0","37,500","0.00","-","-","660.20","667.52","683.41","696.85","659.24","3,960","2,240","4,162"
"2015/08/11","670.0","670.0","645.0","645.0","-25.0","10,200","6,684","0","37,500","0.00","-","-","665.20","668.16","684.63","697.85","658.80","3,800","2,224","4,252"
"2015/08/10","666.0","680.0","666.0","670.0","+5.0","3,600","2,424","0","37,600","0.00","-","-","670.20","668.76","685.84","698.85","658.38","2,000","1,936","4,156"
"2015/08/07","672.0","673.0","665.0","665.0","-6.0","2,800","1,877","0","37,100","0.00","-","-","670.40","668.76","686.77","699.58","657.89","1,380","1,848","4,118"
"2015/05/13","748.0","748.0","730.0","745.0","-3.0","4,700","3,490","0","45,000","0.00","-","-","744.00","740.20","697.36","674.73","624.24","6,040","4,948","13,406"
"2015/05/12","747.0","750.0","747.0","748.0","+2.0","7,200","5,397","0","44,000","0.00","-","-","740.40","739.24","695.43","673.34","623.34","6,140","4,852","13,376"
"2015/05/11","744.0","750.0","741.0","746.0","+2.0","6,900","5,150","0","38,600","0.00","-","-","738.20","738.16","693.45","671.97","622.41","6,260","4,696","13,376"
"2015/05/08","740.0","744.0","740.0","744.0","+7.0","3,500","2,596","0","38,400","0.00","-","-","738.80","737.32","691.51","670.65","621.46","5,560","4,568","13,292"
"2015/05/07","721.0","740.0","720.0","737.0","+10.0","7,900","5,799","0","37,400","0.00","-","-","740.00","736.72","689.59","669.29","620.54","7,320","4,692","13,341"
"2015/05/01","733.0","737.0","721.0","727.0","-10.0","5,200","3,790","0","33,800","0.00","-","-","742.00","736.04","687.85","668.07","619.69","6,100","4,772","13,240"
"2015/04/30","749.0","749.0","736.0","737.0","-12.0","7,800","5,805","0","33,500","0.00","-","-","745.60","736.88","686.23","666.93","618.92","5,860","4,828","13,188"
"2015/04/28","750.0","750.0","748.0","749.0","-1.0","3,400","2,546","0","29,300","0.00","-","-","746.40","737.20","684.45","665.68","618.10","5,920","4,952","13,088"
"2015/04/27","748.0","751.0","746.0","750.0","+3.0","12,300","9,217","0","27,700","0.00","-","-","743.80","737.24","682.52","664.20","617.17","5,840","5,372","13,146"
"2015/04/24","741.0","747.0","741.0","747.0","+2.0","1,800","1,339","0","23,900","0.00","-","-","741.80","737.36","680.59","662.74","616.29","3,540","5,136","13,021"
"2015/04/23","740.0","746.0","740.0","745.0","+4.0","4,000","2,974","0","23,400","0.00","-","-","740.60","737.32","678.76","661.27","615.43","4,620","5,420","13,022"
"2015/04/22","742.0","749.0","730.0","741.0","+5.0","8,100","5,985","0","20,200","0.00","-","-","737.20","737.16","676.77","659.78","614.57","4,660","5,748","13,092"
"2015/04/21","741.0","741.0","736.0","736.0","-4.0","3,000","2,212","0","16,400","0.00","-","-","735.20","737.52","675.09","658.32","613.65","3,900","6,568","13,062"
"2015/04/20","741.0","741.0","736.0","740.0","-1.0","800","590","0","16,400","0.00","-","-","734.60","737.88","673.48","656.87","612.74","4,720","7,608","13,040"
"2015/04/17","729.0","741.0","729.0","741.0","+13.0","7,200","5,264","0","16,400","0.00","-","-","733.00","738.00","671.75","655.36","611.83","4,920","12,204","13,177"
"2015/04/16","728.0","729.0","728.0","728.0","-3.0","4,200","3,059","0","10,900","0.00","-","-","733.00","739.52","670.00","653.83","610.90","3,920","21,404","13,206"
"2015/04/15","730.0","732.0","729.0","731.0","-2.0","4,300","3,141","0","9,500","0.00","-","-","736.20","737.56","668.41","652.45","610.03","3,580","21,484","13,310"
"2015/04/14","730.0","735.0","726.0","733.0","+1.0","7,100","5,179","0","8,900","0.00","-","-","739.00","735.52","666.80","651.02","609.17","3,420","21,800","13,361"
"2015/04/13","738.0","742.0","732.0","732.0","-9.0","1,800","1,328","0","7,900","0.00","-","-","742.00","733.24","665.15","649.58","608.31","3,320","21,744","13,292"
"2015/04/10","746.0","746.0","740.0","741.0","-3.0","2,200","1,634","0","8,200","0.00","-","-","742.60","731.16","663.48","648.13","607.43","4,020","21,852","13,380"
"2015/04/09","746.0","746.0","742.0","744.0","-1.0","2,500","1,859","0","8,300","0.00","-","-","741.40","728.56","661.69","646.70","606.50","4,060","21,892","13,466"
"2015/04/08","751.0","752.0","745.0","745.0","-3.0","3,500","2,620","0","8,700","0.00","-","-","736.80","725.96","659.87","645.28","605.59","4,020","21,964","13,613"
"2015/04/07","744.0","748.0","740.0","748.0","+13.0","6,600","4,914","0","8,700","0.00","-","-","732.00","723.08","657.95","643.80","604.63","3,980","22,224","13,572"
"2015/04/06","738.0","740.0","722.0","735.0","0.0","5,300","3,888","0","7,900","0.00","-","-","727.40","720.36","656.04","642.17","603.64","3,400","22,220","13,525"
"2015/04/03","727.0","738.0","726.0","735.0","+14.0","2,400","1,759","0","8,000","0.00","-","-","726.20","718.00","654.51","640.62","602.70","3,660","23,048","13,472"
"2015/03/24","748.0","760.0","744.0","750.0","-3.0","13,900","10,448","0","10,700","0.00","-","-","748.00","701.64","641.84","628.42","595.14","14,000","23,640","13,182"
"2015/03/23","746.0","753.0","746.0","753.0","+7.0","6,400","4,794","0","12,400","0.00","-","-","747.00","698.32","639.85","626.72","594.13","17,020","23,332","13,048"
"2015/03/20","741.0","747.0","741.0","746.0","+5.0","8,900","6,609","0","12,000","0.00","-","-","745.00","695.24","637.87","624.99","593.12","38,880","23,768","12,973"
"2015/03/12","680.0","682.0","679.0","679.0","-1.0","6,200","4,217","0","24,200","0.00","-","-","678.20","667.56","625.27","614.21","586.57","6,360","12,980","7,282"
"2015/03/11","672.0","680.0","655.0","680.0","+4.0","12,200","8,158","0","24,200","0.00","-","-","678.20","664.40","624.08","613.10","585.77","5,980","13,528","7,225"
"2015/03/10","680.0","682.0","676.0","676.0","-4.0","5,700","3,873","0","24,100","0.00","-","-","676.80","661.16","622.85","612.03","585.00","5,540","13,324","7,113"
"2015/03/09","679.0","680.0","679.0","680.0","+4.0","4,500","3,058","0","24,400","0.00","-","-","677.60","658.12","621.69","610.98","584.25","5,700","13,520","7,080"
"2015/03/06","679.0","680.0","675.0","676.0","-3.0","3,200","2,173","0","24,400","0.00","-","-","676.80","654.92","620.45","609.98","583.46","10,000","13,428","7,082"
"2015/03/05","673.0","680.0","673.0","679.0","+6.0","4,300","2,913","0","23,400","0.00","-","-","678.60","651.76","619.41","609.07","582.90","10,280","13,464","7,070"
"2015/02/10","623.0","635.0","623.0","635.0","+12.0","15,700","9,872","0","35,100","0.00","-","-","611.80","603.28","598.87","591.94","573.56","16,060","6,544","4,258"
"2015/02/09","605.0","625.0","604.0","623.0","+21.0","20,300","12,512","0","28,300","0.00","-","-","604.60","602.48","597.89","591.30","573.18","14,340","6,152","4,052"
"2015/02/06","599.0","610.0","598.0","602.0","+3.0","14,700","8,826","0","27,200","0.00","-","-","600.00","602.16","597.08","590.68","572.87","12,400","5,392","3,793"
"2015/02/05","600.0","600.0","598.0","599.0","-1.0","9,700","5,818","0","24,200","0.00","-","-","599.60","602.48","596.67","590.35","572.64","9,900","5,248","3,605"
"2015/02/04","601.0","601.0","599.0","600.0","+1.0","19,900","11,941","0","23,900","0.00","-","-","599.20","602.92","596.43","590.07","572.42","8,780","5,236","3,489"
"2015/02/03","601.0","601.0","598.0","599.0","-1.0","7,100","4,260","0","24,100","0.00","-","-","599.20","603.28","596.00","589.73","572.22","5,380","4,920","3,229"
"2015/02/02","600.0","601.0","597.0","600.0","0.0","10,600","6,358","0","22,000","0.00","-","-","599.40","603.72","595.65","589.37","572.02","4,460","4,960","3,157"
"2015/01/30","597.0","600.0","596.0","600.0","+3.0","2,200","1,317","0","22,100","0.00","-","-","599.40","604.08","595.27","588.98","571.93","3,400","4,612","3,017"
"2015/01/29","598.0","600.0","596.0","597.0","-3.0","4,100","2,455","0","22,100","0.00","-","-","598.60","604.36","595.00","588.53","571.83","3,680","4,860","3,009"
"2015/01/28","599.0","600.0","595.0","600.0","0.0","2,900","1,733","0","21,700","0.00","-","-","599.20","604.76","594.84","588.10","571.70","3,640","5,044","2,988"
"2015/01/27","600.0","600.0","597.0","600.0","0.0","2,500","1,499","0","21,400","0.00","-","-","599.20","605.04","594.57","587.65","571.58","3,540","5,468","2,957"
"2015/01/26","596.0","600.0","595.0","600.0","+4.0","5,300","3,164","0","21,100","0.00","-","-","599.20","605.08","594.15","587.20","571.51","4,480","5,384","2,944"
"2015/01/23","597.0","597.0","595.0","596.0","-4.0","3,600","2,143","0","20,800","0.00","-","-","599.20","605.28","593.91","586.80","571.44","3,540","5,296","2,886"
"2015/01/22","600.0","600.0","595.0","600.0","0.0","3,900","2,335","0","20,700","0.00","-","-","600.00","606.24","593.57","586.39","571.34","4,260","5,204","2,868"
"2015/01/21","597.0","600.0","596.0","600.0","0.0","2,400","1,435","0","20,700","0.00","-","-","601.40","606.84","593.21","585.94","571.21","3,540","5,096","2,830"
"2015/01/20","600.0","600.0","597.0","600.0","0.0","7,200","4,312","0","20,600","0.00","-","-","602.40","607.08","592.81","585.49","571.06","3,320","5,128","2,818"
"2015/01/19","600.0","600.0","600.0","600.0","0.0","600","360","0","20,600","0.00","-","-","603.20","607.52","592.48","585.09","570.96","1,940","4,920","2,820"
"2015/01/16","601.0","604.0","600.0","600.0","-7.0","7,200","4,324","0","20,500","0.00","-","-","604.00","608.08","592.13","584.59","570.91","3,380","4,940","2,826"
"2015/01/15","605.0","607.0","605.0","607.0","+2.0","300","182","0","20,200","0.00","-","-","605.00","608.40","591.80","584.12","570.81","2,520","4,736","2,762"
"2015/01/14","604.0","607.0","602.0","605.0","+1.0","1,300","785","0","20,200","0.00","-","-","605.60","608.72","591.37","583.53","-","2,840","4,796","2,820"
"2015/01/13","602.0","604.0","602.0","604.0","0.0","300","181","0","20,100","0.00","-","-","603.80","609.04","590.80","582.96","-","4,420","4,928","2,804"
"2015/01/09","608.0","609.0","595.0","604.0","-1.0","7,800","4,704","0","20,100","0.00","-","-","606.00","609.36","590.23","582.40","-","5,540","5,236","2,802"
"2015/01/08","606.0","610.0","604.0","605.0","-5.0","2,900","1,760","0","19,800","0.00","-","-","608.20","609.24","589.65","581.81","-","4,240","5,076","2,701"
"2015/01/07","600.0","610.0","597.0","610.0","+14.0","1,900","1,143","0","19,000","0.00","-","-","609.20","609.20","589.11","581.44","-","5,880","4,992","2,662"
"2015/01/06","614.0","614.0","595.0","596.0","-19.0","9,200","5,556","0","19,400","0.00","-","-","609.20","608.80","588.49","580.84","-","7,380","4,952","2,642"
"2015/01/05","620.0","621.0","615.0","615.0","0.0","5,900","3,639","0","18,400","0.00","-","-","611.80","608.80","588.16","580.43","-","7,940","4,608","2,520"
"2014/12/30","610.0","615.0","610.0","615.0","+5.0","1,300","794","0","16,800","0.00","-","-","610.80","608.00","587.57","579.86","-","8,380","4,436","2,453"
"2014/12/29","610.0","610.0","608.0","610.0","0.0","11,100","6,767","0","16,800","0.00","-","-","609.60","607.04","586.85","579.31","-","8,500","4,404","2,452"
"2014/12/26","610.0","610.0","608.0","610.0","+1.0","9,400","5,734","0","15,200","0.00","-","-","609.00","606.20","586.31","578.84","-","7,960","3,984","2,372"
"2014/12/25","610.0","610.0","608.0","609.0","-1.0","12,000","7,317","0","10,300","0.00","-","-","608.40","605.32","585.79","578.38","-","7,820","3,632","2,264"
"2014/12/24","610.0","611.0","609.0","610.0","+1.0","8,100","4,940","0","6,700","0.00","-","-","608.00","604.56","585.21","577.93","-","8,120","3,228","2,198"
"2014/12/22","607.0","609.0","604.0","609.0","+2.0","1,900","1,153","0","7,000","0.00","-","-","606.20","603.68","584.59","577.51","-","6,580","3,056","2,126"
"2014/12/19","602.0","607.0","595.0","607.0","0.0","8,400","5,068","0","7,500","0.00","-","-","605.40","602.88","583.95","577.09","-","6,820","3,108","2,134"
"2014/12/18","609.0","610.0","605.0","607.0","0.0","8,700","5,303","0","8,700","0.00","-","-","608.00","602.08","583.25","576.66","-","5,400","2,960","2,025"
"2014/12/17","615.0","630.0","606.0","607.0","+6.0","13,500","8,371","0","8,200","0.00","-","-","609.60","601.72","582.55","576.16","-","3,900","2,704","1,916"
"2014/12/16","605.0","605.0","601.0","601.0","-4.0","400","241","0","6,500","0.00","-","-","609.40","601.52","581.85","575.66","-","1,840","2,216","1,745"
"2014/12/15","615.0","619.0","605.0","605.0","-15.0","3,100","1,895","0","6,600","0.00","-","-","611.40","601.36","581.24","575.26","-","2,160","2,520","1,744"
"2014/12/12","601.0","620.0","601.0","620.0","+5.0","1,300","800","0","7,400","0.00","-","-","613.20","600.56","580.64","574.89","-","1,760","2,408","1,717"
"2014/12/11","610.0","615.0","600.0","615.0","+9.0","1,200","732","0","7,400","0.00","-","-","610.80","598.96","579.77","574.32","-","1,920","2,408","1,700"
"2014/12/10","611.0","611.0","605.0","606.0","-5.0","3,200","1,949","0","6,600","0.00","-","-","610.80","597.96","578.97","573.74","-","2,040","2,368","1,685"
"2014/12/09","614.0","615.0","611.0","611.0","-3.0","2,000","1,227","0","6,300","0.00","-","-","612.20","597.12","578.29","573.33","-","2,320","2,380","1,644"
"2014/12/08","610.0","614.0","610.0","614.0","+6.0","1,100","672","0","6,200","0.00","-","-","612.40","596.00","577.61","572.84","-","3,520","2,356","1,644"
"2014/12/05","608.0","610.0","605.0","608.0","-7.0","2,100","1,277","0","6,200","0.00","-","-","609.80","594.24","576.76","572.27","-","4,060","2,332","1,632"
"2014/12/04","615.0","615.0","609.0","615.0","+2.0","1,800","1,101","0","6,600","0.00","-","-","609.00","592.80","576.03","571.79","-","3,800","2,300","1,614"
"2014/12/03","610.0","615.0","608.0","613.0","+1.0","4,600","2,814","0","6,600","0.00","-","-","606.00","591.00","575.13","571.31","-","3,620","2,256","1,590"
"2014/12/02","603.0","620.0","603.0","612.0","+11.0","8,000","4,888","0","6,800","0.00","-","-","602.60","589.40","574.27","570.90","-","2,820","2,108","1,529"
"2014/12/01","605.0","606.0","585.0","601.0","-3.0","3,800","2,280","0","5,000","0.00","-","-","599.20","588.16","573.41","570.52","-","1,540","1,800","1,432"
"2014/11/28","603.0","604.0","603.0","604.0","+4.0","800","483","0","4,300","0.00","-","-","597.20","587.32","572.67","570.14","-","880","1,648","1,410"
"2014/11/27","603.0","603.0","600.0","600.0","+4.0","900","541","0","4,600","0.00","-","-","594.20","586.36","572.19","569.84","-","840","1,644","1,414"
"2014/11/26","599.0","600.0","596.0","596.0","+1.0","600","359","0","4,500","0.00","-","-","591.80","585.36","571.52","569.58","-","780","1,608","1,413"
"2014/11/25","601.0","601.0","595.0","595.0","+4.0","1,600","954","0","6,800","0.00","-","-","590.60","584.52","570.97","569.36","-","1,040","1,624","1,417"
"2014/11/21","591.0","591.0","590.0","591.0","+2.0","500","295","0","6,900","0.00","-","-","589.20","583.20","570.48","568.98","-","1,480","1,568","1,416"
"2014/11/20","586.0","590.0","586.0","589.0","+1.0","600","353","0","6,900","0.00","-","-","588.80","582.04","570.07","568.60","-","2,020","1,584","1,413"
"2014/11/19","595.0","595.0","588.0","588.0","-2.0","600","354","0","6,900","0.00","-","-","588.40","581.32","569.72","568.30","-","2,840","1,584","1,422"
"2014/11/18","589.0","590.0","589.0","590.0","+2.0","1,900","1,120","0","7,600","0.00","-","-","590.40","581.04","569.40","567.96","-","3,180","1,600","1,418"
"2014/11/17","590.0","590.0","588.0","588.0","-1.0","3,800","2,239","0","7,000","0.00","-","-","592.80","580.16","569.05","567.61","-","3,060","1,540","1,401"
"2014/11/14","589.0","595.0","589.0","589.0","+2.0","3,200","1,889","0","5,400","0.00","-","-","594.60","579.56","568.79","567.31","-","3,900","1,456","1,362"
"2014/11/13","600.0","600.0","576.0","587.0","-11.0","4,700","2,779","0","4,900","0.00","-","-","593.80","578.84","568.49","567.03","-","3,320","1,332","1,329"
"2014/11/12","600.0","600.0","597.0","598.0","-4.0","2,300","1,378","0","4,300","0.00","-","-","592.40","578.56","568.19","566.72","-","2,640","1,208","1,270"
"2014/11/11","600.0","606.0","600.0","602.0","+5.0","1,300","785","0","4,000","0.00","-","-","590.80","578.04","567.64","566.30","-","2,220","1,216","1,242"
"2014/10/29","572.0","572.0","572.0","572.0","+2.0","1,300","744","0","2,100","0.00","-","-","575.20","574.08","564.95","563.06","-","640","1,208","1,117"
"2014/10/06","583.0","585.0","581.0","585.0","+5.0","2,500","1,460","0","2,200","0.00","-","-","577.20","569.12","562.77","556.94","-","1,560","1,908","1,400"
"2014/07/11","560.0","560.0","557.0","557.0","-3.0","1,900","1,064","0","2,700","0.00","-","-","566.00","558.24","556.27","-","-","1,720","1,728","981"
"2014/07/10","567.0","567.0","560.0","560.0","-7.0","2,400","1,351","0","2,700","0.00","-","-","567.20","557.40","556.69","-","-","1,660","1,664","982"
"2014/07/09","572.0","574.0","566.0","567.0","-5.0","1,700","968","0","2,700","0.00","-","-","570.00","556.80","556.96","-","-","1,220","1,596","962"
"2014/07/08","574.0","574.0","572.0","572.0","-2.0","1,100","630","0","3,300","0.00","-","-","571.40","555.92","-","-","-","2,480","1,540","-"
"2014/07/07","566.0","576.0","566.0","574.0","+11.0","1,500","859","0","3,300","0.00","-","-","571.80","554.56","-","-","-","3,600","1,540","-"
"2014/07/04","564.0","564.0","563.0","563.0","-11.0","1,600","902","0","3,300","0.00","-","-","568.40","553.52","-","-","-","3,520","1,480","-"
"2014/07/03","574.0","574.0","574.0","574.0","0.0","200","115","0","3,200","0.00","-","-","566.40","552.92","-","-","-","3,540","1,432","-"
"2014/07/02","574.0","574.0","574.0","574.0","0.0","8,000","4,592","0","3,200","0.00","-","-","563.40","551.96","-","-","-","3,560","1,432","-"
"2014/07/01","560.0","574.0","560.0","574.0","+17.0","6,700","3,794","0","3,200","0.00","-","-","559.40","550.60","-","-","-","2,320","1,116","-"
"2014/06/30","562.0","562.0","552.0","557.0","+4.0","1,100","611","0","3,100","0.00","-","-","555.60","549.44","-","-","-","1,360","884","-"
"2014/06/27","559.0","559.0","550.0","553.0","-6.0","1,700","942","0","3,200","0.00","-","-","555.80","548.56","-","-","-","1,240","932","-"
"2014/06/26","556.0","559.0","556.0","559.0","+5.0","300","167","0","3,200","0.00","-","-","557.40","547.44","-","-","-","1,140","868","-"
"2014/06/25","555.0","555.0","554.0","554.0","-1.0","1,800","998","0","3,000","0.00","-","-","556.80","546.28","-","-","-","1,260","868","-"
"2014/06/24","558.0","558.0","555.0","555.0","-3.0","1,900","1,059","0","3,000","0.00","-","-","557.20","544.88","-","-","-","1,040","804","-"
"2014/06/23","554.0","561.0","554.0","558.0","-3.0","500","279","0","3,000","0.00","-","-","558.40","543.48","-","-","-","1,000","740","-"
"2014/06/20","563.0","563.0","561.0","561.0","+5.0","1,200","675","0","3,000","0.00","-","-","557.40","542.16","-","-","-","960","740","-"
"2014/06/19","556.0","556.0","556.0","556.0","0.0","900","500","0","3,000","0.00","-","-","555.20","540.80","-","-","-","820","732","-"
"2014/06/18","560.0","560.0","555.0","556.0","-5.0","700","391","0","3,000","0.00","-","-","553.60","539.44","-","-","-","880","1,000","-"
"2014/06/17","554.0","562.0","554.0","561.0","+8.0","1,700","947","0","3,800","0.00","-","-","551.40","539.72","-","-","-","760","976","-"
"2014/06/16","550.0","553.0","550.0","553.0","+3.0","300","166","0","3,100","0.00","-","-","547.20","539.48","-","-","-","680","960","-"
"2014/06/13","550.0","551.0","550.0","550.0","+2.0","500","275","0","3,100","0.00","-","-","543.60","539.84","-","-","-","1,200","952","-"
"2014/06/12","548.0","548.0","548.0","548.0","+3.0","1,200","658","0","2,800","0.00","-","-","540.80","540.16","-","-","-","1,160","936","-"
"2014/06/11","545.0","545.0","545.0","545.0","+5.0","100","55","0","2,800","0.00","-","-","540.20","540.56","-","-","-","1,060","928","-"
"2014/06/10","538.0","540.0","536.0","540.0","+5.0","1,300","700","0","2,800","0.00","-","-","540.20","541.48","-","-","-","1,100","932","-"
"2014/06/09","540.0","540.0","535.0","535.0","-1.0","2,900","1,554","0","2,800","0.00","-","-","539.80","542.28","-","-","-","1,060","880","-"
"2014/06/06","545.0","545.0","536.0","536.0","-9.0","300","162","0","2,800","0.00","-","-","542.40","543.28","-","-","-","480","772","-"
"2014/06/05","541.0","545.0","535.0","545.0","0.0","700","379","0","2,800","0.00","-","-","544.80","544.24","-","-","-","500","780","-"
"2014/06/04","545.0","545.0","545.0","545.0","+7.0","300","164","0","3,000","0.00","-","-","545.80","545.24","-","-","-","400","756","-"
"2014/06/03","545.0","545.0","538.0","538.0","0.0","1,100","597","0","3,000","0.00","-","-","544.80","545.84","-","-","-","360","744","-"
"2014/06/02","-","-","-","-","-","0","-","0","3,000","0.00","-","-","546.20","546.72","-","-","-","320","700","-"
"2014/05/30","550.0","550.0","540.0","548.0","-2.0","400","219","0","3,000","0.00","-","-","543.60","547.20","-","-","-","780","700","-"
"2014/05/29","535.0","550.0","535.0","550.0","+10.0","200","109","0","3,000","0.00","-","-","539.00","547.68","-","-","-","720","688","-"
"2014/05/28","540.0","540.0","540.0","540.0","-5.0","100","54","0","5,000","0.00","-","-","535.00","548.08","-","-","-","740","680","-"
"2014/05/27","535.0","545.0","535.0","545.0","+10.0","900","486","0","5,000","0.00","-","-","530.80","548.88","-","-","-","760","676","-"
"2014/05/26","529.0","535.0","525.0","535.0","+10.0","2,300","1,220","0","4,900","0.00","-","-","525.80","549.48","-","-","-","640","640","-"
"2014/05/23","525.0","525.0","525.0","525.0","-5.0","100","53","0","4,300","0.00","-","-","523.80","550.48","-","-","-","280","572","-"
"2014/05/22","529.0","530.0","529.0","530.0","+11.0","300","159","0","4,300","0.00","-","-","524.20","551.88","-","-","-","460","592","-"
"2014/05/21","519.0","519.0","519.0","519.0","-1.0","200","104","0","4,300","0.00","-","-","522.60","552.92","-","-","-","1,920","612","-"
"2014/05/20","520.0","520.0","520.0","520.0","-5.0","300","156","0","4,300","0.00","-","-","531.40","554.36","-","-","-","1,900","632","-"
"2014/05/19","525.0","530.0","525.0","525.0","-2.0","500","263","0","4,300","0.00","-","-","538.40","555.96","-","-","-","2,100","620","-"
"2014/05/16","523.0","530.0","523.0","527.0","+5.0","1,000","526","0","4,600","0.00","-","-","545.80","557.36","-","-","-","2,020","656","-"
"2014/05/15","551.0","553.0","520.0","522.0","-41.0","7,600","4,054","0","4,600","0.00","-","-","552.00","559.52","-","-","-","1,840","616","-"
"2014/05/14","563.0","563.0","563.0","563.0","+8.0","100","56","0","8,500","0.00","-","-","559.20","561.88","-","-","-","520","344","-"
"2014/05/13","557.0","564.0","555.0","555.0","-7.0","1,300","724","0","8,500","0.00","-","-","560.20","562.20","-","-","-","540","352","-"
"2014/05/12","562.0","562.0","562.0","562.0","+4.0","100","56","0","8,500","0.00","-","-","561.20","563.04","-","-","-","280","308","-"
"2014/05/09","558.0","558.0","558.0","558.0","0.0","100","56","0","8,500","0.00","-","-","560.80","564.00","-","-","-","300","304","-"
"2014/05/08","560.0","560.0","558.0","558.0","-10.0","1,000","559","0","8,500","0.00","-","-","561.20","565.12","-","-","-","380","392","-"
"2014/05/07","568.0","568.0","568.0","568.0","0.0","200","114","0","8,500","0.00","-","-","563.60","565.80","-","-","-","200","356","-"
"2014/05/02","-","-","-","-","-","0","-","0","8,600","0.00","-","-","562.00","566.08","-","-","-","160","356","-"
"2014/05/01","560.0","560.0","560.0","560.0","0.0","200","112","0","8,600","0.00","-","-","562.00","566.48","-","-","-","160","360","-"
"2014/04/30","560.0","561.0","560.0","560.0","-10.0","500","280","0","8,600","0.00","-","-","562.00","567.28","-","-","-","120","444","-"
"2014/04/28","570.0","570.0","570.0","570.0","0.0","100","57","0","8,600","0.00","-","-","562.00","568.44","-","-","-","40","504","-"
"2014/04/25","-","-","-","-","-","0","-","0","8,600","0.00","-","-","560.00","568.84","-","-","-","20","536","-"
"2014/04/24","-","-","-","-","-","0","-","0","8,600","0.00","-","-","560.00","-","-","-","-","20","-","-"
"2014/04/23","-","-","-","-","-","0","-","0","8,600","0.00","-","-","560.00","-","-","-","-","20","-","-"
"2014/04/22","560.0","560.0","560.0","560.0","0.0","100","56","0","8,600","0.00","-","-","560.00","-","-","-","-","140","-","-"
"2014/04/21","-","-","-","-","-","0","-","0","8,600","0.00","-","-","560.00","-","-","-","-","240","-","-"
"2014/04/18","-","-","-","-","-","0","-","0","8,600","0.00","-","-","559.20","-","-","-","-","400","-","-"
"2014/04/17","-","-","-","-","-","0","-","0","8,600","0.00","-","-","558.20","-","-","-","-","540","-","-"
"2014/04/16","569.0","570.0","560.0","560.0","0.0","600","338","0","8,600","0.00","-","-","558.20","-","-","-","-","540","-","-"
"2014/04/15","551.0","560.0","551.0","560.0","+4.0","600","335","0","8,600","0.00","-","-","558.20","-","-","-","-","700","-","-"
"2014/04/14","560.0","560.0","556.0","556.0","+1.0","800","446","0","8,600","0.00","-","-","562.40","-","-","-","-","580","-","-"
"2014/04/11","560.0","561.0","551.0","555.0","0.0","700","391","0","8,600","0.00","-","-","567.40","-","-","-","-","580","-","-"
"2014/04/10","-","-","-","-","-","0","-","0","8,700","0.00","-","-","570.60","-","-","-","-","500","-","-"
"2014/04/09","566.0","566.0","560.0","560.0","0.0","1,400","786","0","8,700","0.00","-","-","573.80","-","-","-","-","540","-","-"
"2014/04/08","-","-","-","-","-","0","-","0","8,700","0.00","-","-","579.00","-","-","-","-","260","-","-"
"2014/04/07","561.0","581.0","561.0","581.0","+10.0","800","454","0","8,700","0.00","-","-","580.00","-","-","-","-","720","-","-"
"2014/04/04","576.0","576.0","571.0","571.0","-5.0","300","172","0","8,700","0.00","-","-","578.80","-","-","-","-","580","-","-"
"2014/04/03","586.0","586.0","576.0","576.0","0.0","200","116","0","8,700","0.00","-","-","579.60","-","-","-","-","560","-","-"
"2014/04/02","-","-","-","-","-","0","-","0","8,700","0.00","-","-","578.40","-","-","-","-","540","-","-"
"2014/04/01","575.0","586.0","575.0","586.0","+11.0","2,300","1,343","0","8,700","0.00","-","-","577.20","-","-","-","-","1,000","-","-"
"2014/03/31","575.0","575.0","575.0","575.0","0.0","100","58","0","8,700","0.00","-","-","577.80","-","-","-","-","940","-","-"
"2014/03/28","575.0","575.0","575.0","575.0","+5.0","200","115","0","8,700","0.00","-","-","578.80","-","-","-","-","1,100","-","-"
"2014/03/27","570.0","570.0","570.0","570.0","-10.0","100","57","0","8,700","0.00","-","-","-","-","-","-","-","-","-","-"
"2014/03/26","580.0","588.0","571.0","580.0","-9.0","2,300","1,335","0","8,700","0.00","-","-","-","-","-","-","-","-","-","-"
"2014/03/25","582.0","589.0","582.0","589.0","+9.0","2,000","1,168","0","8,400","0.00","-","-","-","-","-","-","-","-","-","-"
"2014/03/24","561.0","580.0","561.0","580.0","0.0","900","512","0","8,400","0.00","-","-","-","-","-","-","-","-","-","-"
"2018/04/05","1,200.0","1,268.0","1,136.0","1,175.0","+155.0","2,482,300","2,986,059","83,200","7,100","0.09","2.40","-","959.20","842.20","801.31","786.67","735.60","510,580","106,964","38,764"
"2021/07/01","748.0","751.0","748.0","750.0","+2.0","6,800","5,091","1,400","200","0.14","0.05","-","735.60","723.64","732.41","734.65","729.87","1,940","632","596"
"2018/04/09","1,125.0","1,330.0","1,105.0","1,290.0","+162.0","2,624,600","3,344,875","108,700","20,700","0.19","2.60","-","1,096.60","875.68","813.55","796.32","741.23","1,104,700","226,784","78,753"
"2021/07/02","747.0","750.0","747.0","748.0","-2.0","800","599","1,000","200","0.20","0.05","-","740.00","724.76","732.48","734.95","729.99","1,800","660","605"
"2018/02/22","808.0","814.0","800.0","805.0","-10.0","3,700","2,974","2,900","600","0.21","0.00","-","813.60","795.56","764.59","749.82","704.72","3,260","5,636","4,460"
"2018/02/16","800.0","818.0","799.0","814.0","+14.0","5,900","4,768","2,900","600","0.21","0.00","-","795.20","790.36","760.37","744.35","700.08","6,400","6,064","4,478"
"2018/02/15","793.0","807.0","793.0","800.0","+8.0","3,100","2,476","2,900","600","0.21","0.00","-","791.60","788.52","759.25","743.09","698.88","8,560","5,884","4,433"
"2018/04/12","1,270.0","1,400.0","1,263.0","1,290.0","+2.0","696,200","929,020","132,500","29,100","0.22","5.20","-","1,266.00","937.04","835.64","813.62","750.83","1,215,240","349,168","119,710"
"2019/02/22","921.0","922.0","907.0","907.0","-21.0","3,300","2,998","3,100","700","0.23","0.00","-","897.60","871.52","942.79","916.53","925.39","5,620","2,976","13,241"
"2019/02/21","942.0","970.0","913.0","928.0","-5.0","11,400","10,628","3,100","700","0.23","0.00","-","888.00","870.04","942.49","915.66","926.88","5,500","2,996","13,254"
"2018/04/10","1,283.0","1,378.0","1,231.0","1,334.0","+44.0","1,933,100","2,565,658","142,000","32,200","0.23","5.60","-","1,189.40","897.92","821.27","802.46","744.60","1,489,920","303,892","104,485"
"2018/04/06","1,179.0","1,182.0","1,111.0","1,128.0","-47.0","375,900","430,996","51,200","11,600","0.23","0.05","-","1,012.60","855.32","806.36","790.67","738.02","580,440","121,884","43,765"
"2018/05/01","1,183.0","1,228.0","1,183.0","1,228.0","+22.0","23,800","28,720","41,700","10,200","0.24","0.05","-","1,198.20","1,155.00","917.48","876.82","786.51","50,940","405,380","138,898"
"2018/02/21","811.0","817.0","811.0","815.0","-3.0","800","651","2,900","700","0.24","0.00","-","812.60","794.60","763.65","748.51","703.59","3,140","5,712","4,428"
"2018/02/20","818.0","819.0","817.0","818.0","+2.0","1,700","1,390","2,900","700","0.24","0.00","-","808.00","793.52","762.65","747.05","702.40","4,500","6,008","4,492"
"2018/02/19","818.0","818.0","809.0","816.0","+2.0","4,200","3,419","2,900","700","0.24","0.00","-","802.40","792.00","761.52","745.66","701.25","5,700","6,088","4,492"
"2018/04/27","1,200.0","1,209.0","1,171.0","1,206.0","+29.0","20,800","24,773","39,700","9,900","0.25","0.05","-","1,206.60","1,139.20","911.35","872.14","783.74","56,420","404,596","138,600"
"2018/05/15","1,199.0","1,219.0","1,191.0","1,191.0","+2.0","11,200","13,438","27,200","7,200","0.26","0.05","-","1,196.40","1,245.96","962.03","912.47","807.59","11,460","307,000","140,005"
"2018/02/26","811.0","811.0","804.0","804.0","-7.0","6,200","5,007","2,900","800","0.28","0.00","-","810.60","797.28","766.48","752.45","706.97","3,180","5,880","4,485"
"2018/02/23","812.0","812.0","800.0","811.0","+6.0","3,500","2,819","2,900","800","0.28","0.00","-","813.00","796.64","765.55","751.20","705.87","2,780","5,740","4,440"
"2017/11/14","727.0","735.0","727.0","735.0","+8.0","1,700","1,243","2,900","800","0.28","0.00","-","727.00","721.00","692.53","688.03","649.99","11,440","4,592","3,318"
"2017/11/13","720.0","727.0","715.0","727.0","+7.0","2,700","1,955","2,900","800","0.28","0.00","-","727.20","719.24","691.80","687.38","649.17","11,620","4,604","3,329"
"2017/11/10","723.0","723.0","716.0","720.0","-5.0","1,700","1,222","2,900","800","0.28","0.00","-","728.80","717.92","691.12","686.73","648.38","11,500","4,596","3,309"
"2017/11/09","725.0","726.0","713.0","725.0","-3.0","7,700","5,570","2,900","800","0.28","0.00","-","731.60","717.12","690.57","686.13","647.62","11,720","4,548","3,304"
"2020/07/07","773.0","773.0","773.0","773.0","+23.0","200","155","700","200","0.29","0.00","-","763.60","723.20","697.69","727.11","796.15","6,820","2,648","1,820"
"2018/05/07","1,176.0","1,209.0","1,168.0","1,203.0","+9.0","13,900","16,617","34,400","10,000","0.29","0.05","-","1,201.60","1,183.72","928.71","885.61","791.81","27,200","406,592","139,380"
"2018/05/02","1,198.0","1,220.0","1,180.0","1,194.0","-34.0","29,500","35,349","36,200","10,400","0.29","0.05","-","1,195.60","1,169.56","923.07","881.17","789.14","36,120","406,388","139,244"
"2018/04/26","1,173.0","1,225.0","1,165.0","1,177.0","+4.0","48,000","56,995","41,700","11,900","0.29","0.05","-","1,227.40","1,123.80","905.51","867.66","781.09","68,980","404,056","138,362"
"2018/04/25","1,200.0","1,200.0","1,161.0","1,173.0","-34.0","58,500","69,020","42,800","12,700","0.30","0.05","-","1,252.40","1,109.60","900.09","863.52","778.55","95,540","402,372","137,846"
"2018/04/13","1,285.0","1,290.0","1,234.0","1,280.0","-10.0","206,900","260,511","100,000","29,700","0.30","5.20","-","1,296.40","956.24","842.71","819.21","753.89","1,181,440","357,264","122,418"
"2018/04/11","1,336.0","1,339.0","1,262.0","1,288.0","-46.0","446,400","578,340","111,900","33,800","0.30","5.20","-","1,243.00","917.44","828.44","808.07","747.73","1,572,460","321,416","110,432"
"2018/04/18","1,387.0","1,420.0","1,316.0","1,400.0","+54.0","312,100","430,053","91,900","28,900","0.31","5.60","-","1,323.60","1,021.28","866.91","838.15","764.00","320,680","384,848","131,677"
"2018/04/17","1,294.0","1,375.0","1,271.0","1,346.0","+44.0","248,400","328,669","90,200","27,700","0.31","5.60","-","1,301.20","997.68","858.13","831.31","760.38","347,540","372,524","127,545"
"2018/05/09","1,209.0","1,242.0","1,209.0","1,218.0","-21.0","8,100","9,909","31,700","10,200","0.32","0.05","-","1,216.40","1,212.80","940.55","895.06","797.32","19,180","406,084","139,578"
"2018/04/16","1,258.0","1,308.0","1,250.0","1,302.0","+22.0","139,800","178,346","100,200","32,000","0.32","5.60","-","1,298.80","976.12","850.12","825.08","757.03","684,480","362,716","124,257"
"2020/12/08","732.0","732.0","720.0","720.0","-10.0","500","364","300","100","0.33","0.05","-","722.00","723.56","729.53","734.75","729.31","1,400","972","594"
"2018/05/14","1,201.0","1,227.0","1,180.0","1,189.0","-10.0","19,900","23,963","24,200","7,900","0.33","0.05","-","1,206.00","1,245.32","956.75","908.10","805.03","13,340","405,844","140,026"
"2018/05/11","1,186.0","1,205.0","1,186.0","1,199.0","+14.0","6,100","7,300","27,900","9,100","0.33","0.05","-","1,208.80","1,238.56","951.37","903.81","802.48","12,140","406,396","139,772"
"2018/05/08","1,188.0","1,249.0","1,188.0","1,239.0","+36.0","20,600","25,328","31,500","10,400","0.33","0.05","-","1,214.00","1,198.52","934.72","890.47","794.63","21,720","406,824","139,545"
"2018/05/10","1,211.0","1,220.0","1,185.0","1,185.0","-33.0","12,000","14,410","27,600","9,900","0.36","0.05","-","1,207.80","1,225.40","945.89","899.37","799.87","16,820","406,432","139,726"
"2017/12/07","759.0","759.0","759.0","759.0","+6.0","700","531","3,000","1,100","0.37","0.00","-","758.00","739.60","706.84","699.58","662.43","1,560","4,632","3,489"
"2018/11/19","1,012.0","1,072.0","1,000.0","1,052.0","+39.0","14,600","15,233","13,500","5,100","0.38","0.00","-","1,047.80","991.76","875.61","874.53","933.77","15,660","37,036","14,732"
"2017/12/28","745.0","748.0","745.0","748.0","+3.0","400","298","2,900","1,100","0.38","0.00","-","745.20","753.20","722.72","710.38","671.90","1,540","2,252","3,460"
"2017/12/27","744.0","745.0","744.0","745.0","+3.0","1,400","1,042","2,900","1,100","0.38","0.00","-","745.60","752.76","721.69","709.70","671.29","2,220","2,320","3,470"
"2017/12/26","745.0","745.0","742.0","742.0","-3.0","2,200","1,636","2,900","1,100","0.38","0.00","-","746.60","751.88","720.71","709.00","670.68","2,000","2,608","3,462"
"2017/12/25","746.0","746.0","738.0","745.0","-1.0","1,800","1,337","2,900","1,100","0.38","0.00","-","748.20","750.84","719.72","708.38","670.10","1,640","2,572","3,501"
"2017/12/22","745.0","749.0","736.0","746.0","-4.0","1,900","1,413","2,900","1,100","0.38","0.00","-","750.20","749.96","718.72","707.71","669.51","1,920","2,512","3,542"
"2017/12/21","750.0","750.0","744.0","750.0","0.0","3,800","2,848","2,900","1,100","0.38","0.00","-","751.20","748.72","717.73","706.99","668.90","1,640","2,576","3,538"
"2017/12/20","750.0","750.0","750.0","750.0","0.0","300","225","2,900","1,100","0.38","0.00","-","751.00","747.56","716.69","706.29","668.29","1,040","2,576","3,553"
"2017/12/19","750.0","750.0","750.0","750.0","-5.0","400","300","2,900","1,100","0.38","0.00","-","751.80","746.96","715.59","705.59","667.68","1,060","2,632","3,565"
"2017/12/18","745.0","755.0","745.0","755.0","+4.0","3,200","2,400","2,900","1,100","0.38","0.00","-","753.80","746.04","714.57","704.85","667.07","1,300","2,724","3,581"
"2017/12/15","744.0","751.0","744.0","751.0","+2.0","500","375","2,900","1,100","0.38","0.00","-","753.80","744.64","713.47","704.09","666.44","1,040","2,664","3,548"
"2017/12/14","752.0","752.0","743.0","749.0","-5.0","800","598","2,900","1,100","0.38","0.00","-","754.40","743.60","712.41","703.37","665.82","2,780","2,952","3,572"
"2017/12/13","754.0","759.0","754.0","754.0","-6.0","400","302","2,900","1,100","0.38","0.00","-","756.40","742.76","711.43","702.70","665.21","2,760","4,656","3,570"
"2017/12/12","759.0","760.0","754.0","760.0","+5.0","1,600","1,215","2,900","1,100","0.38","0.00","-","756.20","742.04","710.28","701.95","664.58","3,220","4,744","3,581"
"2017/12/11","750.0","757.0","750.0","755.0","+1.0","1,900","1,434","2,900","1,100","0.38","0.00","-","756.00","741.04","709.13","701.15","663.87","3,280","4,764","3,570"
"2017/12/08","759.0","760.0","743.0","754.0","-5.0","9,200","6,907","2,900","1,100","0.38","0.00","-","756.80","740.20","707.96","700.37","663.16","3,040","4,800","3,550"
"2017/12/06","753.0","760.0","753.0","753.0","-6.0","2,700","2,041","2,900","1,100","0.38","0.00","-","757.80","738.64","705.76","698.79","661.72","1,780","4,656","3,498"
"2017/12/05","759.0","759.0","758.0","759.0","0.0","1,900","1,441","2,900","1,100","0.38","0.00","-","759.80","738.12","704.71","698.01","661.07","1,840","4,772","3,486"
"2017/12/04","760.0","760.0","753.0","759.0","-1.0","700","530","2,900","1,100","0.38","0.00","-","761.40","737.08","703.64","697.11","660.34","2,900","4,764","3,518"
"2017/12/01","758.0","760.0","750.0","760.0","+2.0","1,800","1,362","2,900","1,100","0.38","0.00","-","760.40","735.92","702.49","696.19","659.52","3,780","4,864","3,557"
"2017/11/30","759.0","759.0","750.0","758.0","-5.0","1,800","1,359","2,900","1,100","0.38","0.00","-","757.20","734.72","701.33","695.34","658.66","3,740","4,892","3,629"
"2017/11/29","765.0","765.0","753.0","763.0","-4.0","3,000","2,278","2,900","1,100","0.38","0.00","-","753.00","733.60","700.29","694.51","657.79","3,800","5,112","3,645"
"2017/11/28","765.0","768.0","755.0","767.0","+13.0","7,200","5,492","2,900","1,100","0.38","0.00","-","745.00","731.60","699.12","693.57","656.89","4,920","5,292","3,608"
"2017/11/27","750.0","754.0","748.0","754.0","+10.0","5,100","3,828","2,900","1,100","0.38","0.00","-","734.80","729.16","697.96","692.59","655.97","3,740","5,072","3,530"
"2017/11/24","738.0","744.0","732.0","744.0","+7.0","1,600","1,181","2,900","1,100","0.38","0.00","-","728.60","727.20","696.97","691.69","655.12","2,780","4,868","3,476"
"2017/11/22","735.0","737.0","722.0","737.0","+14.0","2,100","1,544","2,900","1,100","0.38","0.00","-","722.80","725.64","696.11","690.97","654.35","3,160","4,856","3,472"
"2017/11/21","718.0","730.0","718.0","723.0","+7.0","8,600","6,238","2,900","1,100","0.38","0.00","-","719.60","724.52","695.35","690.28","653.59","3,500","4,848","3,456"
"2017/11/20","724.0","724.0","716.0","716.0","-7.0","1,300","940","2,900","1,100","0.38","0.00","-","722.00","723.96","694.71","689.85","652.87","2,120","4,640","3,348"
"2017/11/17","723.0","723.0","723.0","723.0","+8.0","300","217","2,900","1,100","0.38","0.00","-","724.20","723.40","694.23","689.44","652.18","2,400","4,600","3,352"
"2017/11/16","711.0","719.0","711.0","715.0","-6.0","3,500","2,495","2,900","1,100","0.38","0.00","-","723.60","722.48","693.63","688.97","651.44","2,680","4,676","3,361"
"2017/11/15","731.0","731.0","720.0","721.0","-14.0","3,800","2,767","2,900","1,100","0.38","0.00","-","725.60","721.88","693.08","688.56","650.73","3,520","4,700","3,353"
"2017/11/08","737.0","737.0","725.0","728.0","-8.0","43,400","31,895","3,000","1,200","0.40","0.00","-","734.40","716.20","689.96","685.36","646.84","11,180","4,388","3,212"
"2019/02/25","907.0","907.0","903.0","903.0","-4.0","1,400","1,268","3,100","1,300","0.42","0.00","-","907.20","873.00","942.83","917.39","923.76","5,700","3,012","13,201"
"2018/11/06","1,119.0","1,170.0","1,112.0","1,132.0","-17.0","25,100","28,332","24,000","10,100","0.42","0.05","-","1,067.40","889.96","848.65","868.18","920.82","88,620","32,700","12,442"
"2018/05/16","1,180.0","1,189.0","1,101.0","1,106.0","-85.0","47,600","54,405","14,100","5,900","0.42","0.05","-","1,174.00","1,245.08","966.24","916.04","809.71","19,360","293,868","140,630"
"2018/04/19","1,383.0","1,410.0","1,286.0","1,302.0","-98.0","180,800","242,400","72,400","30,200","0.42","5.60","-","1,326.00","1,040.88","874.33","843.94","767.11","217,600","391,980","134,069"
"2018/02/14","786.0","809.0","786.0","792.0","+2.0","7,600","6,054","3,100","1,300","0.42","0.00","-","785.20","787.24","758.32","741.94","697.76","9,000","5,880","4,489"
"2019/02/26","910.0","912.0","903.0","903.0","0.0","500","455","3,000","1,300","0.43","0.00","-","914.80","873.52","941.39","918.27","922.31","5,420","2,948","12,042"
"2018/04/23","1,311.0","1,320.0","1,256.0","1,270.0","-40.0","51,200","65,946","64,200","28,400","0.44","0.05","-","1,325.60","1,079.24","888.65","854.93","773.31","175,220","396,132","135,818"
"2021/07/16","750.0","760.0","750.0","760.0","+10.0","200","151","1,100","500","0.45","0.00","-","745.80","732.00","730.71","734.97","730.02","280","660","480"
"2021/07/15","750.0","750.0","750.0","750.0","+1.0","500","375","1,100","500","0.45","0.00","-","741.80","730.08","730.56","734.71","729.88","600","708","486"
"2019/02/01","867.0","870.0","867.0","867.0","+5.0","400","347","2,600","1,200","0.46","0.00","-","861.60","856.28","941.33","908.85","953.66","1,800","3,448","16,697"
"2018/04/20","1,298.0","1,310.0","1,250.0","1,310.0","+8.0","83,600","107,222","68,800","32,100","0.47","0.05","-","1,332.00","1,060.88","881.83","849.67","770.32","192,940","394,300","135,178"
"2019/01/31","851.0","875.0","851.0","862.0","+14.0","1,400","1,215","2,500","1,200","0.48","0.00","-","861.60","854.84","940.48","908.51","955.78","2,080","3,544","16,929"
"2018/11/07","1,130.0","1,158.0","1,111.0","1,127.0","-5.0","27,200","30,662","21,500","10,400","0.48","0.00","-","1,112.80","903.04","852.17","869.08","922.54","93,180","33,048","12,800"
"2018/04/24","1,262.0","1,262.0","1,191.0","1,207.0","-63.0","103,600","126,041","45,600","22,400","0.49","0.05","-","1,297.80","1,095.24","894.61","859.46","776.03","146,260","400,180","137,125"
"2021/07/13","-","-","-","-","-","0","-","1,000","500","0.50","0.00","-","735.20","727.56","730.79","734.40","729.87","400","672","477"
"2021/07/12","735.0","735.0","735.0","735.0","-5.0","200","147","1,000","500","0.50","0.00","-","734.80","726.88","731.01","734.52","729.94","400","692","480"
"2021/07/09","733.0","740.0","733.0","740.0","0.0","1,800","1,322","1,000","500","0.50","0.00","-","734.40","726.64","731.61","734.42","729.99","460","688","518"
"2021/07/08","-","-","-","-","-","0","-","1,000","500","0.50","0.00","-","736.00","726.20","731.75","734.36","730.01","260","636","497"
"2021/07/07","-","-","-","-","-","0","-","1,000","500","0.50","0.00","-","739.40","726.08","731.95","734.49","730.08","1,620","652","537"
"2021/07/06","-","-","-","-","-","0","-","1,000","500","0.50","0.00","-","742.40","725.84","732.15","734.65","730.06","1,860","656","544"
"2021/07/05","738.0","749.0","733.0","733.0","-15.0","500","371","1,000","500","0.50","0.00","-","741.40","725.60","732.35","734.82","730.03","1,900","672","553"
"2019/01/30","863.0","863.0","848.0","848.0","-18.0","2,500","2,133","2,400","1,200","0.50","0.00","-","862.60","856.28","939.44","908.16","957.11","2,220","3,572","16,960"
"2018/12/21","816.0","820.0","770.0","792.0","-39.0","12,000","9,439","4,000","2,000","0.50","0.00","-","866.00","995.44","925.87","901.64","956.16","5,680","10,508","17,365"
"2018/11/21","1,030.0","1,048.0","1,009.0","1,021.0","-22.0","7,300","7,511","10,500","5,300","0.50","0.00","-","1,032.40","1,009.00","881.03","876.49","936.04","10,240","35,804","14,829"
"2018/11/12","1,097.0","1,097.0","1,071.0","1,071.0","-49.0","19,700","21,399","20,500","10,200","0.50","0.00","-","1,119.80","940.48","862.27","871.76","927.39","26,600","35,380","13,794"
"2019/02/19","856.0","868.0","856.0","865.0","+10.0","1,900","1,637","3,100","1,600","0.52","0.00","-","859.00","865.88","940.83","913.49","929.33","3,140","2,296","13,230"
"2018/11/13","1,053.0","1,094.0","1,053.0","1,067.0","-4.0","13,500","14,407","20,100","10,500","0.52","0.00","-","1,106.80","951.80","864.99","872.39","928.78","24,280","35,772","13,974"
"2018/11/14","1,070.0","1,150.0","1,012.0","1,074.0","+7.0","24,900","26,942","18,700","10,500","0.56","0.00","-","1,096.20","962.64","867.93","872.97","930.20","23,820","36,056","14,292"
"2019/02/04","867.0","878.0","867.0","872.0","+5.0","1,900","1,660","2,600","1,500","0.58","0.00","-","863.00","859.48","942.36","909.27","951.35","1,760","3,044","16,617"
"2018/11/09","1,124.0","1,173.0","1,108.0","1,120.0","-29.0","17,200","19,371","21,900","12,800","0.58","0.00","-","1,135.40","929.80","859.49","871.20","926.01","46,340","34,940","13,542"
"2018/11/08","1,150.0","1,200.0","1,120.0","1,149.0","+22.0","43,800","51,177","22,100","12,900","0.58","0.00","-","1,140.40","917.00","855.95","870.25","924.34","84,460","34,784","13,378"
"2019/02/27","903.0","918.0","900.0","918.0","+15.0","3,000","2,714","3,000","1,800","0.60","0.00","-","911.80","875.60","938.36","919.43","920.88","3,920","2,972","9,312"
"2019/02/20","877.0","933.0","877.0","933.0","+68.0","10,500","9,546","1,500","900","0.60","0.00","-","873.60","868.40","941.69","914.60","928.13","3,800","2,648","13,212"
"2019/01/21","880.0","900.0","880.0","890.0","+24.0","2,100","1,871","1,000","600","0.60","0.00","-","876.60","879.48","933.19","904.73","959.31","2,160","4,616","17,621"
"2019/01/29","861.0","866.0","850.0","866.0","+1.0","2,600","2,219","2,300","1,400","0.61","0.00","-","871.80","857.84","938.85","907.95","958.74","2,460","3,768","17,042"
"2019/02/28","911.0","911.0","900.0","900.0","-18.0","700","632","3,000","1,900","0.63","0.00","-","906.20","875.84","935.04","920.44","919.19","1,780","2,852","7,742"
"2018/11/15","1,074.0","1,108.0","1,016.0","1,033.0","-41.0","14,000","14,747","16,800","10,600","0.63","0.00","-","1,073.00","972.16","870.37","873.42","931.45","17,860","36,300","14,441"
"2018/11/05","1,095.0","1,184.0","1,076.0","1,149.0","+4.0","118,400","133,686","24,700","15,500","0.63","0.05","-","1,018.00","876.64","845.07","867.28","919.07","84,460","31,912","12,108"
"2019/02/13","854.0","914.0","854.0","860.0","+6.0","7,200","6,374","2,200","1,400","0.64","0.00","-","859.40","868.44","945.29","911.72","937.60","2,700","2,152","15,749"
"2018/11/02","1,011.0","1,160.0","985.0","1,145.0","+134.0","207,800","227,237","13,900","9,100","0.65","0.05","-","961.80","862.64","841.25","866.27","917.26","62,420","27,752","10,553"
"2019/03/01","901.0","901.0","901.0","901.0","+1.0","200","180","3,000","2,000","0.67","0.00","-","905.00","877.20","931.96","921.46","917.60","1,160","2,776","7,410"
"2019/02/14","860.0","860.0","855.0","856.0","-4.0","2,900","2,483","2,400","1,600","0.67","0.00","-","856.80","866.88","943.37","912.18","935.37","2,820","2,224","14,770"
"2015/12/15","588.0","622.0","582.0","622.0","+39.0","16,200","9,794","6,900","4,600","0.67","0.00","-","593.80","595.48","595.23","611.25","656.60","5,960","2,964","3,206"
"2019/02/07","876.0","876.0","864.0","864.0","-5.0","1,000","865","2,500","1,700","0.68","0.00","-","866.00","868.92","945.47","910.53","945.02","1,860","2,144","16,556"
"2019/02/05","878.0","878.0","850.0","858.0","-14.0","3,700","3,188","2,500","1,700","0.68","0.00","-","861.40","864.68","943.29","909.55","949.20","1,980","2,376","16,636"
"2018/11/26","1,085.0","1,097.0","1,051.0","1,056.0","-29.0","20,000","21,455","8,100","5,500","0.68","0.00","-","1,051.40","1,025.56","887.23","879.77","938.68","12,240","35,908","15,250"
"2019/02/18","859.0","860.0","854.0","855.0","-4.0","1,000","856","2,600","1,800","0.69","0.00","-","856.80","866.28","941.32","913.02","931.04","2,940","2,240","13,438"
"2018/11/27","1,069.0","1,069.0","1,032.0","1,058.0","+2.0","5,700","5,988","7,700","5,400","0.70","0.00","-","1,052.60","1,027.88","890.17","881.55","940.19","10,460","33,084","15,320"
"2021/07/26","750.0","751.0","750.0","751.0","+1.0","600","450","700","500","0.71","0.00","-","752.20","736.84","730.57","735.36","730.41","320","680","478"
"2021/07/21","750.0","750.0","740.0","750.0","0.0","300","224","700","500","0.71","0.00","-","752.00","735.44","730.61","735.29","730.31","300","656","477"
"2021/07/20","-","-","-","-","-","0","-","700","500","0.71","0.00","-","751.80","734.08","730.56","735.23","730.21","340","648","476"
"2021/07/19","750.0","750.0","750.0","750.0","-10.0","500","375","700","500","0.71","0.00","-","748.80","733.04","730.51","735.17","730.12","340","652","481"
"2021/07/14","735.0","749.0","730.0","749.0","0.0","500","369","700","500","0.71","0.00","-","738.40","728.80","730.73","734.55","729.87","500","692","481"
"2015/12/18","593.0","607.0","590.0","596.0","-6.0","4,700","2,814","7,000","5,000","0.71","0.00","-","601.40","594.20","596.36","609.14","655.35","8,440","3,284","2,612"
"2019/02/12","853.0","854.0","853.0","854.0","+4.0","900","768","2,500","1,800","0.72","0.00","-","859.00","869.68","945.52","911.22","940.30","2,000","2,080","15,822"
"2019/02/08","861.0","875.0","850.0","850.0","-14.0","2,100","1,802","2,500","1,800","0.72","0.00","-","862.60","868.76","945.47","910.91","942.76","2,200","2,172","16,077"
"2018/02/13","773.0","790.0","773.0","790.0","+10.0","7,700","6,038","2,900","2,100","0.72","0.00","-","777.80","786.40","757.27","740.97","696.69","10,080","5,948","4,488"
"2017/12/29","755.0","758.0","743.0","758.0","+10.0","3,200","2,407","2,900","2,100","0.72","0.00","-","747.60","753.76","723.88","711.17","672.53","1,800","2,316","3,434"
"2018/11/16","1,049.0","1,049.0","1,000.0","1,013.0","-20.0","11,300","11,451","13,700","10,100","0.74","0.00","-","1,051.60","981.16","872.73","873.59","932.51","16,680","36,660","14,553"
"2019/02/06","873.0","873.0","861.0","869.0","+11.0","2,300","1,990","2,500","1,900","0.76","0.00","-","865.60","868.36","944.39","910.05","947.10","1,940","2,192","16,597"
"2018/05/23","1,081.0","1,081.0","1,045.0","1,050.0","-23.0","14,800","15,666","9,000","6,900","0.77","0.00","-","1,063.00","1,198.40","984.11","931.63","819.31","16,320","60,844","141,321"
"2018/03/14","810.0","812.0","810.0","812.0","+2.0","2,500","2,025","900","700","0.78","0.00","-","806.80","799.96","778.29","764.85","718.28","3,540","5,232","4,182"
"2018/03/13","807.0","810.0","802.0","810.0","+3.0","4,000","3,237","900","700","0.78","0.00","-","804.40","797.68","777.11","763.82","717.34","3,520","5,652","4,264"
"2018/03/12","807.0","808.0","801.0","807.0","+2.0","3,200","2,581","900","700","0.78","0.00","-","802.40","797.44","775.85","762.74","716.41","4,380","5,692","4,228"
"2018/03/09","804.0","810.0","800.0","805.0","+5.0","3,500","2,822","900","700","0.78","0.00","-","796.60","797.52","774.73","761.67","715.43","4,820","5,724","4,189"
"2018/03/08","800.0","804.0","793.0","800.0","0.0","4,500","3,598","900","700","0.78","0.00","-","791.80","797.68","773.53","760.62","714.44","4,540","5,856","4,189"
"2018/03/07","800.0","805.0","800.0","800.0","0.0","2,400","1,925","900","700","0.78","0.00","-","791.80","797.72","772.48","759.61","713.52","4,220","5,932","4,180"
"2018/03/06","784.0","804.0","784.0","800.0","+22.0","8,300","6,625","900","700","0.78","0.00","-","792.20","797.76","771.61","758.52","712.62","4,540","6,256","4,170"
"2018/03/05","781.0","796.0","778.0","778.0","-3.0","5,400","4,235","900","700","0.78","0.00","-","791.20","797.80","770.64","757.46","711.72","5,660","6,372","4,096"
"2018/03/02","794.0","795.0","780.0","781.0","-19.0","2,100","1,659","900","700","0.78","0.00","-","796.40","797.96","769.87","756.68","710.93","5,820","6,224","4,046"
"2018/03/01","800.0","804.0","796.0","800.0","-2.0","2,900","2,321","900","700","0.78","0.00","-","802.40","798.32","769.12","755.89","710.01","6,100","6,140","4,121"
"2019/01/25","871.0","871.0","867.0","867.0","0.0","1,800","1,565","1,500","1,200","0.80","0.00","-","876.80","863.64","937.11","907.14","959.54","2,420","3,800","17,162"
"2019/01/24","866.0","867.0","866.0","867.0","-27.0","2,100","1,819","1,500","1,200","0.80","0.00","-","876.60","867.56","936.21","906.68","959.55","2,160","3,804","17,385"
"2019/01/23","856.0","894.0","855.0","894.0","+28.0","3,700","3,179","1,500","1,200","0.80","0.00","-","877.20","872.12","935.31","906.12","959.52","2,500","3,988","17,429"
"2015/03/13","710.0","779.0","710.0","779.0","+100.0","237,200","180,944","11,500","9,200","0.80","0.00","-","698.80","674.76","627.81","616.19","587.87","53,160","22,080","10,437"
"2019/02/15","856.0","859.0","850.0","859.0","+3.0","2,700","2,301","2,600","2,100","0.81","0.00","-","855.80","866.08","941.91","912.62","933.11","3,160","2,324","13,845"
"2019/03/29","922.0","935.0","922.0","935.0","+18.0","1,300","1,204","3,000","2,500","0.83","0.00","-","916.00","911.16","892.25","934.66","901.58","1,280","1,288","3,170"
"2018/12/03","1,098.0","1,099.0","1,035.0","1,040.0","-50.0","13,600","14,567","9,200","7,600","0.83","0.00","-","1,078.40","1,055.72","903.01","890.48","946.19","20,440","31,624","16,394"
"2018/01/25","-","-","-","-","-","0","-","2,900","2,500","0.86","0.00","-","789.80","767.00","742.92","726.85","684.13","3,400","3,252","3,488"
"2018/01/24","790.0","790.0","790.0","790.0","-5.0","700","553","2,900","2,500","0.86","0.00","-","788.60","765.44","741.75","725.67","683.23","3,580","3,272","3,537"
"2018/01/23","787.0","795.0","769.0","795.0","+9.0","12,800","10,081","2,900","2,500","0.86","0.00","-","786.80","763.80","740.51","724.52","682.34","4,560","3,276","3,722"
"2018/01/22","786.0","786.0","785.0","786.0","-2.0","800","628","2,900","2,500","0.86","0.00","-","785.40","762.16","738.95","723.25","681.45","3,640","2,780","3,561"
"2018/01/05","760.0","762.0","751.0","762.0","+2.0","4,400","3,325","2,900","2,500","0.86","0.00","-","754.60","753.80","725.83","712.79","673.82","3,000","2,224","3,405"
"2018/01/04","757.0","760.0","756.0","760.0","+2.0","5,600","4,249","2,900","2,500","0.86","0.00","-","750.60","754.00","724.87","711.97","673.18","2,560","2,336","3,448"
"2018/02/28","795.0","802.0","790.0","802.0","+7.0","4,000","3,177","900","800","0.89","0.00","-","803.40","797.92","768.16","754.86","708.99","6,260","6,052","4,661"
"2018/02/27","800.0","800.0","760.0","795.0","-9.0","13,900","10,903","900","800","0.89","0.00","-","806.00","797.64","767.28","753.62","707.96","5,620","6,404","4,642"
"2015/12/22","586.0","593.0","580.0","590.0","-5.0","8,600","5,044","7,000","6,200","0.89","0.00","-","597.40","594.00","595.97","607.59","654.47","5,780","3,496","2,698"
"2019/03/27","920.0","920.0","908.0","910.0","+5.0","400","366","3,000","2,700","0.90","0.00","-","919.80","911.52","895.05","933.50","902.74","1,300","2,100","3,412"
"2018/01/19","784.0","788.0","781.0","788.0","+4.0","2,700","2,117","2,900","2,600","0.90","0.00","-","784.20","761.12","737.51","722.13","680.57","4,220","2,812","3,560"
"2018/01/18","781.0","787.0","781.0","784.0","+3.0","900","705","2,900","2,600","0.90","0.00","-","781.60","759.80","736.05","720.92","679.76","4,400","2,780","3,544"
"2018/01/17","785.0","789.0","778.0","781.0","-7.0","5,600","4,379","2,900","2,600","0.90","0.00","-","778.40","758.60","734.57","719.78","678.96","4,500","3,112","3,544"
"2018/01/16","783.0","788.0","783.0","788.0","+8.0","8,200","6,438","2,900","2,600","0.90","0.00","-","775.80","757.72","733.15","718.75","678.17","3,980","2,916","3,486"
"2018/12/13","977.0","981.0","965.0","965.0","-16.0","1,900","1,843","4,800","4,400","0.92","0.00","-","975.60","1,044.64","921.64","900.29","953.54","6,660","14,640","17,030"
"2018/11/28","1,068.0","1,142.0","1,048.0","1,125.0","+67.0","43,100","47,657","7,600","7,000","0.92","0.00","-","1,069.00","1,034.12","893.72","884.20","941.98","18,280","31,924","15,842"
"2018/11/20","1,041.0","1,054.0","1,025.0","1,043.0","-9.0","4,000","4,173","13,600","12,500","0.92","0.00","-","1,043.00","1,002.16","878.45","875.60","934.98","13,760","37,032","14,740"
"2019/03/28","917.0","917.0","917.0","917.0","+7.0","300","275","3,000","2,800","0.93","0.00","-","918.60","910.88","893.41","933.99","902.14","1,260","1,692","3,234"
"2018/02/09","751.0","788.0","750.0","780.0","-16.0","7,700","5,958","2,900","2,700","0.93","0.00","-","780.60","785.28","756.15","739.97","695.61","9,540","5,816","4,408"
"2018/01/29","786.0","806.0","786.0","801.0","+19.0","11,200","8,951","2,900","2,700","0.93","0.00","-","791.60","770.12","745.44","729.22","686.18","5,280","3,624","3,620"
"2018/12/04","1,032.0","1,038.0","1,001.0","1,022.0","-18.0","6,100","6,210","8,000","7,500","0.94","0.00","-","1,071.20","1,061.88","905.47","892.01","947.34","20,520","31,540","16,466"
"2016/03/01","595.0","595.0","595.0","595.0","0.0","400","238","1,600","1,500","0.94","0.00","-","588.40","588.80","593.20","593.21","623.53","360","768","2,401"
"2015/12/21","594.0","598.0","590.0","595.0","-1.0","4,400","2,609","7,000","6,600","0.94","0.00","-","603.80","594.16","596.33","608.39","654.90","7,300","3,280","2,630"
"2015/12/16","617.0","617.0","600.0","604.0","-18.0","7,200","4,390","7,200","6,800","0.94","0.00","-","596.80","595.32","595.96","610.58","656.19","7,100","3,160","2,714"
"2018/12/19","884.0","900.0","882.0","898.0","+11.0","2,100","1,872","4,000","3,800","0.95","0.00","-","925.20","1,014.80","926.40","902.44","955.84","3,380","11,472","17,204"
"2018/11/30","1,078.0","1,109.0","1,059.0","1,090.0","+11.0","7,200","7,797","8,300","7,900","0.95","0.00","-","1,081.60","1,048.84","900.21","888.66","944.94","21,720","31,556","16,265"
"2018/12/17","953.0","953.0","922.0","922.0","-32.0","4,100","3,828","4,800","4,600","0.96","0.00","-","960.20","1,028.92","924.65","901.85","954.92","5,880","12,420","17,086"
"2018/12/14","980.0","980.0","939.0","954.0","-11.0","1,400","1,342","4,800","4,600","0.96","0.00","-","968.80","1,036.84","923.37","901.17","954.29","6,360","12,944","17,045"
"2018/05/25","1,036.0","1,070.0","1,030.0","1,043.0","+2.0","15,200","15,874","9,000","8,600","0.96","0.00","-","1,056.60","1,175.84","990.32","937.56","822.97","11,380","46,284","141,500"
"2018/11/29","1,121.0","1,145.0","1,045.0","1,079.0","-46.0","32,600","35,680","7,400","7,200","0.97","0.00","-","1,080.60","1,041.32","896.75","886.49","943.39","23,340","31,968","16,200"
"2018/01/26","790.0","790.0","782.0","782.0","0.0","1,700","1,340","2,900","2,800","0.97","0.00","-","788.60","768.08","744.01","727.95","685.10","3,200","3,192","3,504"
"2018/01/09","770.0","779.0","765.0","771.0","+9.0","9,300","7,174","2,900","2,800","0.97","0.00","-","759.80","754.12","726.84","713.75","674.51","4,580","2,476","3,508"
"2021/07/30","-","-","-","-","-","0","-","500","500","1.00","-","-","743.60","740.24","730.09","735.23","730.46","220","652","444"
"2021/07/29","741.0","741.0","741.0","741.0","+6.0","100","74","500","500","1.00","-","-","745.40","739.40","730.07","735.30","730.43","280","652","460"
"2021/07/27","751.0","751.0","750.0","750.0","-1.0","300","225","500","500","1.00","-","-","750.20","737.76","730.44","735.42","730.50","340","660","470"
"2020/07/28","747.0","747.0","747.0","747.0","0.0","300","224","100","100","1.00","-","-","752.60","753.20","714.67","713.95","791.80","60","1,800","1,764"
"2020/07/27","-","-","-","-","-","0","-","100","100","1.00","-","-","754.00","751.44","713.35","714.49","792.37","60","1,916","1,764"
"2020/07/22","-","-","-","-","-","0","-","100","100","1.00","-","-","758.80","750.24","711.81","715.29","792.90","60","1,924","1,770"
"2020/07/21","-","-","-","-","-","0","-","100","100","1.00","-","-","763.60","748.96","710.71","716.25","793.47","60","1,932","1,776"
"2020/07/20","-","-","-","-","-","0","-","100","100","1.00","-","-","768.40","747.68","709.47","717.30","794.05","100","1,988","1,784"
"2020/07/17","765.0","765.0","754.0","754.0","0.0","300","228","100","100","1.00","-","-","772.20","746.20","708.73","718.46","794.50","200","2,080","1,785"
"2020/07/16","-","-","-","-","-","0","-","100","100","1.00","-","-","778.20","743.64","707.99","719.78","794.88","140","2,120","1,786"
"2020/07/15","-","-","-","-","-","0","-","100","100","1.00","-","-","779.40","740.92","707.20","720.90","795.08","180","2,148","1,800"
"2020/07/14","778.0","778.0","778.0","778.0","+5.0","200","156","100","100","1.00","-","-","782.60","738.60","705.55","721.67","795.28","380","2,200","1,801"
"2020/07/13","779.0","779.0","758.0","773.0","0.0","500","386","100","100","1.00","-","-","781.60","735.84","704.51","722.63","795.46","380","2,248","1,809"
"2020/07/10","-","-","-","-","-","0","-","100","100","1.00","-","-","777.00","733.00","703.40","723.86","795.68","1,000","2,280","1,806"
"2020/07/09","794.0","794.0","784.0","784.0","-10.0","200","158","100","100","1.00","-","-","772.60","730.24","701.57","725.07","795.88","3,420","2,324","1,828"
"2019/12/03","857.0","872.0","857.0","857.0","+5.0","700","602","100","100","1.00","-","-","869.60","861.04","838.16","846.41","867.43","1,580","3,384","2,476"
"2019/09/24","866.0","871.0","860.0","870.0","+26.0","2,900","2,509","100","100","1.00","-","-","835.80","824.84","856.07","860.52","884.37","1,940","2,212","1,637"
"2019/03/25","903.0","913.0","902.0","913.0","-35.0","2,300","2,090","3,000","3,000","1.00","-","-","931.80","907.72","899.77","933.36","903.96","1,100","2,116","3,909"
"2019/03/22","950.0","950.0","948.0","948.0","+25.0","1,200","1,140","3,000","3,000","1.00","-","-","936.60","905.56","902.60","933.92","904.53","740","2,132","4,453"
"2019/03/20","926.0","926.0","923.0","923.0","-15.0","500","462","3,000","3,000","1.00","-","-","936.80","901.88","904.07","934.44","905.04","880","2,200","4,513"
"2019/03/19","939.0","944.0","938.0","938.0","+1.0","1,200","1,127","3,000","3,000","1.00","-","-","936.20","899.36","905.84","933.98","905.74","1,340","2,468","4,773"
"2019/03/18","937.0","937.0","937.0","937.0","0.0","300","281","3,000","3,000","1.00","-","-","927.60","896.00","907.80","933.10","906.26","1,120","2,456","4,961"
"2019/03/15","949.0","949.0","934.0","937.0","-12.0","500","471","3,000","3,000","1.00","-","-","918.20","892.52","908.92","932.23","906.78","1,080","2,528","5,054"
"2019/03/12","895.0","895.0","895.0","895.0","+5.0","100","90","3,000","3,000","1.00","-","-","884.80","883.92","912.95","927.75","908.75","600","2,600","5,384"
"2019/03/11","890.0","890.0","890.0","890.0","+20.0","100","89","3,000","3,000","1.00","-","-","883.80","883.00","914.79","926.75","909.57","820","2,672","5,569"
"2019/03/08","870.0","894.0","869.0","870.0","-8.0","1,000","873","3,000","3,000","1.00","-","-","886.00","882.08","917.24","925.88","910.40","1,620","2,684","5,900"
"2019/03/07","885.0","893.0","878.0","878.0","-13.0","700","621","3,000","3,000","1.00","-","-","892.20","881.76","919.87","925.02","911.58","1,460","2,700","6,066"
"2019/03/05","899.0","899.0","886.0","890.0","-11.0","1,200","1,073","3,000","3,000","1.00","-","-","902.00","879.56","925.49","923.37","914.64","1,840","2,832","6,534"
"2019/01/28","881.0","881.0","865.0","865.0","-2.0","2,100","1,827","1,400","1,400","1.00","-","-","871.80","860.08","937.97","907.55","959.51","2,420","3,828","17,185"
"2019/01/18","879.0","879.0","866.0","866.0","-4.0","500","434","1,000","1,000","1.00","-","-","873.60","883.40","932.19","903.95","959.01","1,840","4,648","17,716"
"2019/01/16","871.0","887.0","865.0","887.0","+17.0","2,700","2,362","1,000","1,000","1.00","-","-","872.20","895.56","930.87","902.99","958.60","1,640","5,228","17,798"
"2019/01/11","854.0","888.0","853.0","875.0","+25.0","500","435","1,000","1,000","1.00","-","-","878.00","907.76","929.36","902.10","958.00","2,060","5,840","17,766"
"2019/01/09","880.0","880.0","879.0","879.0","-16.0","200","176","1,000","1,000","1.00","-","-","870.00","925.52","928.13","901.67","957.46","2,260","7,288","17,780"
"2019/01/08","891.0","938.0","891.0","895.0","+4.0","1,100","1,001","1,000","1,000","1.00","-","-","864.20","935.36","927.28","901.47","957.12","2,660","9,004","17,782"
"2019/01/07","872.0","905.0","872.0","891.0","+60.0","5,400","4,817","1,000","1,000","1.00","-","-","840.60","941.88","926.15","900.89","956.70","3,820","9,188","17,768"
"2018/12/28","871.0","875.0","854.0","854.0","+4.0","1,400","1,212","1,000","1,000","1.00","-","-","800.20","958.64","924.96","900.43","956.18","8,580","10,256","17,717"
"2018/12/27","798.0","850.0","798.0","850.0","+73.0","2,200","1,818","1,000","1,000","1.00","-","-","795.60","965.32","924.40","900.17","955.93","8,860","10,492","17,705"
"2018/12/20","886.0","886.0","831.0","831.0","-67.0","2,800","2,428","4,000","4,000","1.00","-","-","898.40","1,005.08","926.37","902.22","956.09","3,560","10,588","17,221"
"2018/12/07","1,040.0","1,040.0","987.0","988.0","-32.0","2,900","2,940","4,800","4,800","1.00","-","-","1,018.00","1,071.16","913.15","895.91","950.33","8,280","28,564","16,697"
"2018/04/02","872.0","872.0","868.0","870.0","+9.0","3,300","2,872","200","200","1.00","-","-","855.80","815.64","790.69","778.07","729.90","11,560","7,008","5,176"
"2018/02/02","811.0","816.0","805.0","809.0","0.0","4,000","3,243","2,900","2,900","1.00","-","-","804.20","779.28","751.17","734.61","690.52","7,780","4,420","3,864"
"2018/01/31","787.0","801.0","787.0","801.0","0.0","6,400","5,072","2,900","2,900","1.00","-","-","795.00","774.20","748.27","731.85","688.33","5,960","4,136","3,804"
"2018/01/15","780.0","780.0","777.0","780.0","+5.0","3,700","2,885","2,900","2,900","1.00","-","-","772.40","756.32","731.56","717.61","677.34","4,200","2,696","3,458"
"2018/01/11","768.0","769.0","768.0","768.0","0.0","1,400","1,075","2,900","2,900","1.00","-","-","765.80","754.84","729.01","715.58","675.91","4,740","2,508","3,464"
"2018/01/10","770.0","770.0","764.0","768.0","-3.0","3,000","2,304","2,900","2,900","1.00","-","-","763.80","754.52","727.95","714.63","675.22","5,100","2,524","3,529"
"2016/02/29","590.0","595.0","590.0","595.0","+7.0","600","356","1,500","1,500","1.00","-","-","586.80","588.72","593.27","593.31","624.27","300","764","2,405"
"2016/02/26","578.0","588.0","578.0","588.0","+6.0","200","117","1,500","1,500","1.00","-","-","584.00","588.48","593.27","593.33","624.98","260","792","2,410"
"2016/02/25","582.0","582.0","582.0","582.0","0.0","100","58","1,500","1,500","1.00","-","-","582.00","588.08","593.39","593.39","625.68","280","820","2,442"
"2016/02/24","587.0","587.0","582.0","582.0","-5.0","500","292","1,500","1,500","1.00","-","-","582.60","587.92","593.53","593.53","626.45","560","880","2,449"
"2018/02/06","762.0","763.0","741.0","755.0","-49.0","13,000","9,806","2,900","3,000","1.03","-","-","795.60","782.16","753.15","736.81","692.50","7,040","4,996","4,054"
"2018/01/30","808.0","815.0","801.0","801.0","0.0","10,500","8,498","2,900","3,000","1.03","-","-","792.80","772.16","746.91","730.56","687.27","4,820","4,032","3,733"
"2015/12/24","585.0","588.0","579.0","585.0","-5.0","5,200","3,030","7,000","7,200","1.03","-","-","593.60","593.40","595.64","606.87","654.00","5,380","3,592","2,721"
"2018/12/10","965.0","1,020.0","958.0","965.0","-23.0","6,500","6,366","4,800","5,000","1.04","-","-","1,003.00","1,063.96","915.23","896.93","951.07","6,860","20,512","16,758"
"2018/05/18","1,057.0","1,078.0","1,055.0","1,060.0","+4.0","12,000","12,739","6,500","6,900","1.06","-","-","1,120.40","1,224.76","973.49","922.14","813.50","25,520","113,516","141,260"
"2019/03/06","883.0","891.0","880.0","891.0","+1.0","1,100","971","3,000","3,200","1.07","-","-","896.60","880.56","922.44","924.28","913.15","1,460","2,772","6,320"
"2018/02/07","763.0","798.0","763.0","768.0","+13.0","5,300","4,105","2,900","3,100","1.07","-","-","789.00","782.96","753.93","737.78","693.50","6,820","5,192","4,100"
"2018/02/05","804.0","805.0","794.0","804.0","-5.0","5,000","4,000","2,900","3,100","1.07","-","-","804.80","781.76","752.53","735.97","691.62","6,540","4,532","3,926"
"2018/01/12","772.0","777.0","772.0","775.0","+7.0","3,600","2,786","2,900","3,100","1.07","-","-","768.80","755.48","730.21","716.60","676.58","4,340","2,624","3,480"
"2016/02/23","587.0","587.0","587.0","587.0","+6.0","100","59","1,500","1,600","1.07","-","-","583.20","588.12","593.63","593.51","627.29","520","904","2,476"
"2019/03/26","904.0","919.0","902.0","905.0","-8.0","2,100","1,903","3,000","3,300","1.10","-","-","925.40","909.72","897.45","933.42","903.34","1,460","2,160","3,502"
"2019/01/17","880.0","880.0","860.0","870.0","-17.0","3,800","3,302","1,000","1,100","1.10","-","-","870.40","889.56","931.53","903.49","958.85","2,360","4,976","17,802"
"2015/12/17","607.0","607.0","599.0","602.0","-2.0","4,000","2,416","7,200","7,900","1.10","-","-","599.40","594.92","596.29","609.90","655.75","7,760","3,196","2,646"
"2019/03/13","904.0","929.0","900.0","920.0","+25.0","2,800","2,546","3,000","3,400","1.13","-","-","890.60","886.40","911.71","929.07","907.97","940","2,564","5,270"
"2016/02/22","584.0","589.0","581.0","581.0","+3.0","400","234","1,500","1,700","1.13","-","-","579.40","588.12","593.68","593.50","628.10","620","1,064","2,504"
"2016/02/19","578.0","578.0","578.0","578.0","-7.0","300","173","1,500","1,700","1.13","-","-","577.40","588.84","593.79","593.60","628.93","720","1,064","2,500"
"2016/02/18","583.0","585.0","582.0","585.0","0.0","1,500","876","1,500","1,700","1.13","-","-","572.40","589.68","593.87","593.73","629.77","1,020","1,232","2,518"
"2018/05/21","1,062.0","1,089.0","1,062.0","1,076.0","+16.0","9,700","10,455","5,800","6,600","1.14","-","-","1,097.80","1,216.28","977.16","925.40","815.50","23,480","96,048","141,240"
"2018/12/12","982.0","994.0","933.0","981.0","+2.0","6,700","6,456","4,800","5,600","1.17","-","-","986.60","1,051.12","919.72","899.27","952.77","8,020","15,652","17,014"
"2018/02/01","801.0","817.0","801.0","809.0","+8.0","6,800","5,506","2,900","3,400","1.17","-","-","798.80","776.72","749.72","733.22","689.40","7,320","4,332","3,840"
"2015/12/25","585.0","590.0","578.0","587.0","+2.0","14,600","8,585","4,100","4,800","1.17","-","-","590.60","593.04","595.35","606.06","653.57","7,500","4,104","2,874"
"2018/12/18","918.0","918.0","878.0","887.0","-35.0","7,400","6,654","4,000","4,700","1.18","-","-","941.80","1,021.56","925.45","902.09","955.35","4,300","11,928","17,176"
"2015/12/29","602.0","602.0","600.0","602.0","+3.0","1,100","662","3,900","4,600","1.18","-","-","592.60","593.08","595.00","604.59","652.80","6,300","4,140","2,890"
"2018/05/29","1,052.0","1,085.0","1,041.0","1,049.0","-14.0","11,400","11,968","8,000","9,500","1.19","-","-","1,049.20","1,152.24","997.69","943.81","826.76","11,360","27,280","141,497"
"2018/05/17","1,100.0","1,120.0","1,051.0","1,056.0","-50.0","36,900","39,539","6,800","8,100","1.19","-","-","1,148.20","1,235.72","969.79","919.09","811.59","24,340","190,360","141,122"
"2018/12/26","755.0","782.0","755.0","777.0","+49.0","6,900","5,323","1,000","1,200","1.20","-","-","805.20","973.04","923.95","899.97","955.68","8,840","10,564","17,717"
"2018/11/01","1,005.0","1,050.0","990.0","1,011.0","+111.0","87,400","90,337","5,700","6,900","1.21","-","-","906.40","848.92","837.49","865.30","915.44","23,240","19,684","7,805"
"2018/05/24","1,049.0","1,050.0","1,030.0","1,041.0","-9.0","9,000","9,401","5,700","6,900","1.21","-","-","1,060.00","1,187.96","987.20","934.58","821.15","10,740","55,612","141,350"
"2018/05/28","1,043.0","1,087.0","1,031.0","1,063.0","+20.0","6,400","6,783","9,200","11,200","1.22","-","-","1,054.00","1,162.36","993.77","940.77","824.89","10,720","34,056","141,518"
"2015/12/28","589.0","602.0","589.0","599.0","+12.0","2,000","1,184","3,900","4,800","1.23","-","-","591.20","593.00","595.09","605.31","653.17","6,960","4,140","2,900"
"2019/04/08","925.0","931.0","919.0","920.0","-4.0","2,800","2,583","2,000","2,500","1.25","-","-","926.60","916.32","887.03","928.05","898.12","1,840","1,380","2,653"
"2019/04/05","933.0","933.0","924.0","924.0","-6.0","400","371","2,000","2,500","1.25","-","-","928.20","915.56","887.84","930.17","898.73","1,720","1,276","2,705"
"2019/04/04","928.0","933.0","919.0","930.0","0.0","2,600","2,411","2,000","2,500","1.25","-","-","930.40","914.60","888.57","932.42","899.35","1,900","1,288","2,904"
"2019/04/03","931.0","931.0","925.0","930.0","+1.0","700","650","2,000","2,500","1.25","-","-","927.80","914.12","889.04","934.57","899.94","1,440","1,304","2,956"
"2019/04/02","928.0","929.0","920.0","929.0","+1.0","2,700","2,499","2,000","2,500","1.25","-","-","923.80","913.04","889.81","935.38","900.50","1,380","1,296","2,985"
"2019/04/01","935.0","935.0","919.0","928.0","-7.0","2,200","2,033","2,000","2,500","1.25","-","-","919.00","912.00","891.03","935.09","901.06","1,260","1,244","3,065"
"2018/12/06","1,008.0","1,020.0","983.0","1,020.0","0.0","8,700","8,697","4,800","6,000","1.25","-","-","1,038.40","1,072.08","910.80","894.80","949.47","9,140","31,944","16,686"
"2018/05/31","1,057.0","1,080.0","1,020.0","1,029.0","+2.0","8,200","8,509","3,600","4,500","1.25","-","-","1,042.20","1,131.28","1,004.25","949.31","830.24","14,160","23,400","141,708"
"2016/02/12","585.0","585.0","551.0","553.0","-38.0","1,800","1,023","1,600","2,000","1.25","-","-","583.20","593.48","594.39","594.74","633.01","1,300","1,520","2,718"
"2019/04/26","855.0","870.0","855.0","856.0","-3.0","1,900","1,631","1,900","2,400","1.26","-","-","859.80","900.04","890.83","901.96","891.76","2,240","2,004","2,120"
"2019/03/04","899.0","901.0","897.0","901.0","0.0","4,100","3,685","3,000","3,800","1.27","-","-","904.60","878.56","928.95","922.47","916.18","1,700","2,868","7,102"
"2018/12/11","950.0","979.0","915.0","979.0","+14.0","15,300","14,539","4,800","6,100","1.27","-","-","994.40","1,057.16","917.45","898.09","951.89","8,700","16,388","16,934"
"2018/10/18","873.0","894.0","850.0","850.0","0.0","20,000","17,399","1,500","1,900","1.27","-","-","811.60","808.32","831.15","877.49","907.53","13,920","7,796","3,840"
"2019/01/10","890.0","890.0","850.0","850.0","-29.0","3,100","2,705","1,000","1,300","1.30","-","-","869.20","916.36","928.60","901.65","957.66","2,600","6,108","17,780"
"2018/05/22","1,069.0","1,078.0","1,066.0","1,073.0","-3.0","8,200","8,783","5,100","6,800","1.33","-","-","1,074.20","1,207.60","980.79","928.63","817.46","22,880","68,528","141,209"
"2016/02/09","591.0","591.0","589.0","590.0","-1.0","1,500","885","1,500","2,000","1.33","-","-","592.60","595.96","594.69","595.46","634.59","780","1,516","2,802"
"2016/02/08","591.0","591.0","591.0","591.0","0.0","400","236","1,500","2,000","1.33","-","-","596.60","596.48","594.79","595.46","635.30","580","1,540","2,820"
"2019/04/17","901.0","912.0","900.0","908.0","-7.0","1,500","1,356","2,000","2,700","1.35","-","-","903.80","921.48","888.29","915.08","894.25","700","1,380","2,341"
"2019/04/16","912.0","917.0","912.0","915.0","+2.0","500","457","2,000","2,700","1.35","-","-","903.40","920.96","886.75","916.33","894.65","760","1,324","2,481"
"2019/04/15","909.0","924.0","909.0","913.0","+13.0","300","275","2,000","2,700","1.35","-","-","904.20","919.96","885.63","917.92","895.16","1,260","1,308","2,512"
"2019/04/12","890.0","900.0","890.0","900.0","+17.0","200","179","2,000","2,700","1.35","-","-","905.60","918.24","885.43","919.46","895.61","1,760","1,336","2,536"
"2019/04/11","903.0","903.0","883.0","883.0","-23.0","1,000","898","2,000","2,700","1.35","-","-","910.40","917.36","885.25","921.17","896.19","1,800","1,356","2,632"
"2019/04/10","906.0","918.0","906.0","906.0","-13.0","1,800","1,634","2,000","2,700","1.35","-","-","919.80","917.68","885.77","923.54","896.90","2,120","1,360","2,673"
"2019/04/09","920.0","920.0","908.0","919.0","-1.0","3,000","2,747","2,000","2,700","1.35","-","-","924.60","917.04","886.41","925.97","897.53","1,900","1,336","2,668"
"2019/04/25","858.0","860.0","858.0","859.0","+1.0","400","344","1,900","2,600","1.37","-","-","859.00","903.72","891.35","903.98","891.88","2,800","1,976","2,109"
"2019/04/24","856.0","866.0","856.0","858.0","-7.0","1,000","860","1,900","2,600","1.37","-","-","860.20","906.28","891.77","905.95","891.96","4,340","1,980","2,176"
"2019/04/23","851.0","866.0","845.0","865.0","+4.0","6,600","5,636","1,900","2,600","1.37","-","-","870.20","909.48","891.41","908.22","892.36","4,440","1,988","2,205"
"2019/04/22","856.0","869.0","854.0","861.0","+9.0","1,300","1,118","2,000","2,800","1.40","-","-","880.20","912.36","891.27","909.78","892.69","3,220","1,736","2,136"
"2019/04/19","869.0","884.0","850.0","852.0","-13.0","4,700","4,086","2,000","2,800","1.40","-","-","890.60","915.40","891.12","911.60","893.07","3,020","1,704","2,148"
"2019/03/14","920.0","950.0","920.0","949.0","+29.0","1,900","1,796","3,000","4,200","1.40","-","-","904.80","889.60","910.33","930.69","907.35","1,180","2,548","5,101"
"2019/05/07","870.0","870.0","848.0","864.0","+8.0","1,600","1,368","1,700","2,400","1.41","-","-","860.40","898.08","890.63","899.35","891.78","2,300","1,976","2,138"
"2018/11/22","1,022.0","1,090.0","1,022.0","1,085.0","+64.0","15,300","16,059","9,000","12,800","1.42","-","-","1,042.80","1,018.40","884.35","877.96","937.42","10,500","35,616","15,004"
"2016/02/17","568.0","585.0","568.0","585.0","+17.0","300","174","1,400","2,000","1.43","-","-","573.60","590.32","593.95","593.75","630.55","1,240","1,208","2,520"
"2016/02/16","580.0","580.0","568.0","568.0","-3.0","600","346","1,400","2,000","1.43","-","-","574.60","590.76","593.97","593.95","631.30","1,480","1,448","2,562"
"2016/02/15","583.0","583.0","571.0","571.0","+18.0","900","523","1,400","2,000","1.43","-","-","579.20","592.20","594.21","594.37","632.16","1,440","1,504","2,618"
"2016/02/03","610.0","610.0","591.0","595.0","-15.0","1,100","660","1,400","2,000","1.43","-","-","602.20","597.40","595.11","595.86","637.50","1,080","1,768","2,822"
"2016/02/02","610.0","610.0","610.0","610.0","0.0","500","305","1,400","2,000","1.43","-","-","603.40","597.08","595.12","596.00","638.25","960","2,308","2,832"
"2016/02/01","601.0","611.0","601.0","610.0","+10.0","1,400","853","1,400","2,000","1.43","-","-","601.20","596.08","595.01","596.00","638.94","900","2,496","2,918"
"2016/01/29","596.0","600.0","596.0","600.0","+4.0","1,200","716","1,400","2,000","1.43","-","-","597.80","595.28","594.73","596.07","639.56","680","2,784","2,928"
"2016/01/28","610.0","610.0","592.0","596.0","-5.0","1,200","724","1,400","2,000","1.43","-","-","595.60","595.08","594.71","596.04","640.24","700","2,912","2,944"
"2016/01/27","600.0","601.0","600.0","601.0","+2.0","500","300","1,400","2,000","1.43","-","-","592.00","595.08","594.73","595.99","640.86","640","3,052","2,945"
"2016/01/26","593.0","599.0","593.0","599.0","+6.0","200","119","1,400","2,000","1.43","-","-","587.40","595.12","594.67","595.75","641.46","860","3,192","2,965"
"2016/01/25","589.0","593.0","589.0","593.0","+4.0","300","178","1,400","2,000","1.43","-","-","585.00","595.32","594.68","595.25","642.09","1,040","3,472","2,982"
"2016/01/22","573.0","589.0","573.0","589.0","+11.0","1,300","760","1,400","2,000","1.43","-","-","583.80","596.48","594.84","595.49","642.77","1,800","4,108","2,984"
"2018/12/05","972.0","1,024.0","971.0","1,020.0","-2.0","10,100","10,038","4,800","7,100","1.48","-","-","1,050.20","1,067.28","908.13","893.56","948.44","13,920","31,772","16,570"
"2018/02/08","772.0","807.0","772.0","796.0","+28.0","16,700","13,332","2,900","4,300","1.48","-","-","786.40","784.48","755.15","739.03","694.63","8,800","5,732","4,305"
"2019/01/04","854.0","855.0","826.0","831.0","-23.0","3,200","2,685","1,000","1,500","1.50","-","-","808.00","948.48","925.07","900.38","956.30","6,820","9,772","17,728"
"2018/10/22","877.0","1,010.0","877.0","1,000.0","+123.0","76,300","72,021","2,200","3,300","1.50","-","-","872.00","818.60","832.77","875.14","909.48","30,220","11,260","4,826"
"2016/03/02","590.0","594.0","588.0","588.0","-7.0","1,300","768","1,000","1,500","1.50","-","-","589.60","588.36","592.93","593.09","622.74","520","812","2,388"
"2016/02/10","594.0","595.0","590.0","591.0","+1.0","2,600","1,543","1,400","2,100","1.50","-","-","591.80","595.44","594.83","595.29","633.89","1,080","1,484","2,752"
"2016/02/05","596.0","596.0","591.0","591.0","-5.0","200","119","1,400","2,100","1.50","-","-","600.40","596.84","594.92","595.46","636.01","780","1,680","2,825"
"2016/02/04","605.0","605.0","595.0","596.0","+1.0","700","418","1,400","2,200","1.57","-","-","602.20","597.28","595.04","595.64","636.76","980","1,716","2,825"
"2019/04/18","902.0","909.0","852.0","865.0","-43.0","8,100","7,065","2,000","3,200","1.60","-","-","900.20","919.28","890.12","913.60","893.60","2,120","1,592","2,177"
"2016/03/03","594.0","594.0","590.0","590.0","+2.0","1,000","593","1,100","1,800","1.64","-","-","591.20","587.92","592.64","593.03","621.95","700","832","2,360"
"2018/10/30","847.0","893.0","847.0","885.0","+17.0","4,300","3,717","4,200","7,000","1.67","-","-","884.40","837.76","835.65","867.02","913.60","14,680","16,660","6,612"
"2018/10/29","853.0","868.0","841.0","868.0","0.0","8,200","7,070","4,200","7,000","1.67","-","-","901.20","835.16","835.39","868.50","913.01","28,240","16,628","6,601"
"2019/01/22","886.0","886.0","865.0","866.0","-24.0","2,400","2,094","1,000","1,700","1.70","-","-","875.80","875.52","934.04","905.30","959.40","2,300","4,452","17,572"
"2018/10/31","905.0","911.0","863.0","900.0","+15.0","4,400","3,906","4,000","7,000","1.75","-","-","884.60","841.08","835.71","865.61","914.26","9,260","16,556","6,644"
"2018/10/16","779.0","788.0","778.0","783.0","-4.0","4,100","3,215","1,000","1,900","1.90","-","-","791.20","805.72","833.41","881.33","906.48","7,460","5,592","3,162"
"2018/10/19","849.0","877.0","849.0","877.0","+27.0","12,700","11,007","1,700","3,300","1.94","-","-","829.40","811.00","831.17","875.63","908.20","16,000","8,208","3,856"
"2021/05/06","742.0","742.0","725.0","740.0","-2.0","1,700","1,244","100","200","2.00","-","-","736.80","739.84","737.95","734.04","734.99","640","460","717"
"2020/07/08","773.0","794.0","773.0","794.0","+21.0","1,000","789","100","200","2.00","-","-","772.40","726.88","699.76","726.23","796.02","6,220","2,392","1,832"
"2019/06/28","840.0","858.0","840.0","855.0","+10.0","500","426","1,100","2,200","2.00","-","-","855.80","883.04","890.64","888.12","898.04","1,480","1,432","1,766"
"2019/06/27","850.0","859.0","845.0","845.0","-15.0","1,900","1,617","1,100","2,200","2.00","-","-","859.60","884.52","891.12","888.23","897.89","1,700","1,472","1,774"
"2019/06/18","870.0","885.0","870.0","884.0","+4.0","4,000","3,507","1,100","2,200","2.00","-","-","889.20","884.88","894.44","888.71","896.10","1,480","1,676","1,758"
"2019/06/17","880.0","893.0","875.0","880.0","-8.0","2,000","1,758","1,100","2,200","2.00","-","-","892.00","883.96","894.75","888.57","895.78","800","1,836","1,749"
"2019/06/14","883.0","894.0","883.0","888.0","-9.0","1,000","887","1,100","2,200","2.00","-","-","895.60","883.76","895.39","888.64","895.57","520","1,848","1,874"
"2019/06/13","882.0","897.0","882.0","897.0","0.0","200","178","1,100","2,200","2.00","-","-","896.00","882.28","895.99","888.46","895.28","500","1,852","2,001"
"2019/06/12","897.0","897.0","897.0","897.0","-1.0","200","179","1,100","2,200","2.00","-","-","893.40","880.60","895.56","888.24","894.95","500","1,876","2,024"
"2018/12/25","777.0","777.0","711.0","728.0","-64.0","20,400","15,270","1,000","2,000","2.00","-","-","827.20","984.04","924.51","900.56","955.80","8,940","10,872","17,637"
"2018/10/15","788.0","788.0","774.0","787.0","-1.0","5,200","4,057","1,000","2,000","2.00","-","-","791.40","807.04","835.45","884.00","906.32","7,380","5,552","3,154"
"2018/10/12","783.0","792.0","781.0","788.0","-7.0","2,300","1,806","1,000","2,000","2.00","-","-","794.80","808.32","837.73","886.86","906.13","8,080","5,380","3,124"
"2018/04/03","869.0","873.0","860.0","870.0","0.0","7,000","6,078","200","400","2.00","-","-","863.80","818.28","792.23","779.43","731.06","12,100","7,040","5,244"
"2016/03/18","591.0","594.0","591.0","594.0","0.0","300","178","900","1,800","2.00","-","-","591.80","586.88","591.80","592.51","617.03","1,220","704","2,158"
"2016/03/17","590.0","594.0","587.0","594.0","+9.0","400","237","900","1,800","2.00","-","-","590.60","585.24","591.68","592.43","617.55","1,220","764","2,182"
"2016/03/16","585.0","585.0","585.0","585.0","-6.0","400","234","900","1,800","2.00","-","-","588.80","585.12","591.64","592.30","617.95","1,140","852","2,192"
"2016/03/15","593.0","593.0","590.0","591.0","-4.0","700","414","900","1,800","2.00","-","-","588.80","585.32","591.75","592.42","618.36","1,080","896","2,202"
"2016/03/14","595.0","595.0","595.0","595.0","+7.0","4,300","2,559","900","1,800","2.00","-","-","589.00","585.32","591.75","592.52","618.71","1,020","884","2,234"
"2016/03/11","588.0","588.0","585.0","588.0","0.0","300","176","900","1,800","2.00","-","-","589.60","585.16","591.81","592.57","619.04","380","720","2,192"
"2016/03/10","-","-","-","-","-","0","-","900","1,800","2.00","-","-","590.00","585.48","591.97","592.70","619.42","600","736","2,202"
"2016/03/09","585.0","585.0","585.0","585.0","-7.0","100","59","900","1,800","2.00","-","-","591.00","585.88","592.12","592.81","619.83","800","780","2,226"
"2016/03/08","593.0","593.0","591.0","592.0","-6.0","400","237","900","1,800","2.00","-","-","591.60","586.88","592.32","592.98","620.24","1,040","796","2,262"
"2016/03/07","604.0","604.0","594.0","598.0","+8.0","1,100","661","900","1,800","2.00","-","-","592.20","587.60","592.35","592.95","620.59","1,040","836","2,300"
"2016/03/04","594.0","594.0","586.0","590.0","0.0","1,400","823","900","1,800","2.00","-","-","591.60","587.68","592.32","592.95","621.17","940","840","2,345"
"2015/12/30","604.0","606.0","600.0","600.0","-2.0","3,900","2,352","2,300","4,600","2.00","-","-","594.60","593.44","595.12","603.88","652.40","5,360","4,172","2,869"
"2016/03/22","593.0","594.0","592.0","592.0","-2.0","800","474","900","1,900","2.11","-","-","591.20","587.72","591.87","592.59","616.49","520","700","2,118"
"2018/08/21","812.0","812.0","809.0","809.0","-3.0","1,900","1,540","1,500","3,200","2.13","-","-","819.80","842.04","956.75","1,013.49","893.85","1,400","1,896","5,962"
"2018/08/20","815.0","817.0","812.0","812.0","0.0","2,100","1,711","1,500","3,200","2.13","-","-","824.00","844.20","962.00","1,013.89","893.47","1,800","1,888","6,122"
"2016/01/18","590.0","593.0","585.0","587.0","-12.0","4,100","2,414","1,400","3,000","2.14","-","-","596.40","597.08","595.31","597.97","645.93","3,240","4,456","2,997"
"2018/10/23","1,000.0","1,114.0","958.0","969.0","-31.0","72,100","74,610","3,300","7,100","2.15","-","-","909.20","824.76","834.23","874.56","910.58","43,820","14,128","5,765"
"2021/07/28","735.0","735.0","735.0","735.0","-15.0","100","74","500","1,100","2.20","-","-","747.20","738.56","730.17","735.33","730.45","260","656","460"
"2019/07/03","876.0","877.0","867.0","867.0","-9.0","6,200","5,426","1,000","2,200","2.20","-","-","861.00","879.24","890.20","888.40","898.63","2,460","1,724","1,874"
"2019/06/19","887.0","889.0","887.0","889.0","+5.0","800","710","1,000","2,200","2.20","-","-","887.60","886.44","894.25","888.94","896.45","1,600","1,532","1,750"
"2019/06/11","883.0","898.0","883.0","898.0","0.0","600","537","1,000","2,200","2.20","-","-","890.40","879.20","895.00","887.77","894.72","700","2,012","2,034"
"2019/06/10","895.0","898.0","895.0","898.0","+8.0","600","537","1,000","2,200","2.20","-","-","889.00","877.84","894.48","887.58","894.53","660","2,052","2,062"
"2019/06/07","893.0","893.0","878.0","890.0","+6.0","900","801","1,000","2,200","2.20","-","-","889.40","876.16","893.92","887.55","894.22","1,200","2,104","2,093"
"2019/06/06","876.0","884.0","876.0","884.0","+2.0","200","176","1,000","2,200","2.20","-","-","886.80","874.92","893.52","887.56","893.97","1,160","2,084","2,177"
"2019/06/05","880.0","896.0","880.0","882.0","-9.0","1,200","1,066","1,000","2,200","2.20","-","-","887.60","873.88","893.12","887.03","893.73","2,140","2,116","2,186"
"2019/06/04","894.0","894.0","891.0","891.0","-9.0","400","357","1,000","2,200","2.20","-","-","891.20","873.20","892.69","886.75","893.46","2,020","2,332","2,198"
"2019/06/03","876.0","904.0","870.0","900.0","+23.0","3,300","2,916","1,000","2,200","2.20","-","-","893.00","872.00","892.33","886.34","893.16","2,000","2,368","2,206"
"2019/01/15","881.0","881.0","870.0","870.0","-5.0","1,700","1,488","1,000","2,200","2.20","-","-","873.80","900.96","930.00","902.50","958.28","1,320","5,364","17,770"
"2018/08/13","835.0","837.0","829.0","830.0","-22.0","2,300","1,916","1,500","3,300","2.20","-","-","843.60","854.00","986.77","1,013.89","890.92","2,800","1,856","8,410"
"2016/01/21","578.0","587.0","575.0","578.0","0.0","900","521","1,400","3,100","2.21","-","-","585.80","596.24","594.95","595.96","643.43","1,620","4,460","2,973"
"2016/01/20","589.0","590.0","577.0","578.0","-9.0","1,600","931","1,400","3,100","2.21","-","-","590.00","596.56","595.16","596.63","644.28","2,340","4,476","2,968"
"2016/01/19","596.0","596.0","587.0","587.0","0.0","1,100","647","1,400","3,100","2.21","-","-","594.60","597.00","595.40","597.34","645.11","2,200","4,440","2,956"
"2016/03/23","592.0","602.0","592.0","594.0","+2.0","1,100","654","900","2,000","2.22","-","-","591.80","588.76","591.89","592.67","615.98","600","720","2,110"
"2018/10/11","793.0","795.0","784.0","795.0","-8.0","7,900","6,238","1,000","2,300","2.30","-","-","797.20","810.00","840.51","889.74","905.94","10,280","5,288","3,128"
"2018/10/10","782.0","803.0","781.0","803.0","+19.0","17,800","14,218","1,000","2,300","2.30","-","-","798.20","811.40","843.08","892.39","905.74","8,780","5,020","3,056"
"2016/04/06","563.0","563.0","563.0","563.0","0.0","100","56","900","2,100","2.33","-","-","562.60","584.48","589.53","591.02","610.26","2,980","1,456","1,898"
"2016/03/30","577.0","577.0","577.0","577.0","0.0","100","58","900","2,100","2.33","-","-","587.60","589.64","591.61","592.63","613.27","1,580","932","2,097"
"2016/03/28","594.0","596.0","588.0","596.0","+2.0","2,800","1,654","900","2,100","2.33","-","-","594.00","590.20","592.03","592.89","614.45","1,680","896","2,106"
"2016/03/25","590.0","594.0","590.0","594.0","0.0","400","236","900","2,100","2.33","-","-","593.60","589.48","591.95","592.77","614.90","1,180","796","2,088"
"2016/03/24","596.0","596.0","593.0","594.0","0.0","3,300","1,966","900","2,100","2.33","-","-","593.60","589.12","591.96","592.74","615.43","1,180","840","2,136"
"2019/05/16","857.0","857.0","847.0","855.0","+5.0","1,800","1,533","1,000","2,400","2.40","-","-","858.40","880.28","889.31","886.85","891.38","3,520","2,468","2,240"
"2019/05/15","851.0","855.0","850.0","850.0","-11.0","4,400","3,746","1,000","2,400","2.40","-","-","858.40","883.28","889.77","888.18","891.49","3,320","2,424","2,244"
"2019/05/14","872.0","896.0","850.0","861.0","-14.0","8,000","7,003","1,000","2,400","2.40","-","-","860.80","886.44","889.99","889.88","891.72","3,160","2,356","2,192"
"2019/05/13","853.0","875.0","853.0","875.0","+24.0","2,300","1,992","1,000","2,400","2.40","-","-","861.40","889.12","890.11","891.47","891.74","1,880","2,124","2,136"
"2019/05/10","869.0","869.0","851.0","851.0","-4.0","1,100","945","1,000","2,400","2.40","-","-","857.60","891.52","890.27","892.94","891.71","1,800","2,084","2,141"
"2019/05/09","862.0","862.0","855.0","855.0","-7.0","800","687","1,000","2,400","2.40","-","-","859.20","894.16","890.52","894.83","891.75","1,660","2,052","2,149"
"2019/05/08","851.0","862.0","836.0","862.0","-2.0","3,600","3,063","1,000","2,400","2.40","-","-","859.80","896.36","890.79","897.18","891.84","1,700","2,036","2,145"
"2016/01/04","605.0","610.0","603.0","603.0","+3.0","2,100","1,273","2,300","5,600","2.43","-","-","598.20","593.84","595.29","603.21","652.03","4,740","4,208","2,874"
"2016/04/05","553.0","569.0","553.0","563.0","+6.0","700","393","900","2,200","2.44","-","-","565.40","585.76","590.32","591.39","610.83","2,980","1,468","2,113"
"2016/03/29","566.0","588.0","566.0","577.0","-19.0","1,300","743","900","2,200","2.44","-","-","591.00","590.04","591.83","592.77","613.84","1,780","932","2,102"
"2018/08/24","814.0","821.0","812.0","821.0","+10.0","700","573","1,500","3,800","2.53","-","-","813.00","836.24","940.77","1,011.93","895.00","1,500","1,948","5,466"
"2018/08/22","811.0","812.0","811.0","812.0","+3.0","2,100","1,705","1,500","3,800","2.53","-","-","814.60","840.00","951.05","1,012.92","894.21","1,680","1,908","5,716"
"2016/04/07","567.0","567.0","560.0","560.0","-3.0","500","282","900","2,300","2.56","-","-","562.60","583.36","588.95","590.54","609.75","1,820","1,424","1,809"
"2016/04/01","560.0","570.0","560.0","570.0","+10.0","7,000","3,924","900","2,300","2.56","-","-","576.00","588.28","590.97","592.11","612.09","3,500","1,440","2,245"
"2016/03/31","578.0","578.0","560.0","560.0","-17.0","6,300","3,546","900","2,300","2.56","-","-","580.80","588.76","591.23","592.34","612.64","2,180","1,164","2,161"
"2018/08/23","813.0","813.0","811.0","811.0","-1.0","700","568","1,500","4,000","2.67","-","-","812.80","837.92","945.63","1,012.42","894.59","1,360","1,936","5,617"
"2018/08/17","-","-","-","-","-","0","-","1,200","3,200","2.67","-","-","827.60","846.80","967.09","1,014.07","893.06","1,840","1,816","6,488"
"2018/08/16","818.0","824.0","817.0","820.0","-18.0","2,300","1,882","1,200","3,200","2.67","-","-","834.00","849.84","972.53","1,014.20","892.61","3,000","1,896","6,805"
"2019/07/17","866.0","866.0","866.0","866.0","0.0","200","173","800","2,200","2.75","-","-","868.60","871.44","882.91","889.11","900.87","520","1,420","1,802"
"2019/07/16","854.0","866.0","853.0","866.0","+4.0","400","343","800","2,200","2.75","-","-","869.20","872.72","883.53","889.04","900.61","560","1,436","1,830"
"2019/07/11","864.0","875.0","864.0","874.0","-1.0","500","434","800","2,200","2.75","-","-","870.00","875.12","885.44","888.92","900.07","620","1,444","1,836"
"2019/07/10","874.0","876.0","874.0","875.0","+6.0","600","525","800","2,200","2.75","-","-","869.00","875.52","886.29","888.72","899.82","680","1,432","1,845"
"2019/07/09","868.0","869.0","861.0","869.0","+2.0","400","347","800","2,200","2.75","-","-","867.40","875.80","887.12","888.47","899.50","1,800","1,456","1,841"
"2019/07/08","866.0","868.0","856.0","867.0","+2.0","800","691","800","2,200","2.75","-","-","868.80","876.68","888.03","888.42","899.24","2,020","1,456","1,842"
"2019/07/05","868.0","868.0","859.0","865.0","-4.0","800","691","800","2,200","2.75","-","-","867.80","878.00","889.12","888.44","899.00","2,300","1,556","1,857"
"2019/07/04","870.0","873.0","864.0","869.0","+2.0","800","695","800","2,200","2.75","-","-","865.80","878.48","889.85","888.37","898.82","2,240","1,552","1,884"
"2019/07/02","863.0","876.0","863.0","876.0","+14.0","1,500","1,303","800","2,200","2.75","-","-","859.60","880.56","890.51","888.40","898.46","1,520","1,500","1,793"
"2019/07/01","856.0","863.0","856.0","862.0","+7.0","2,200","1,893","800","2,200","2.75","-","-","855.60","881.52","890.43","888.26","898.21","1,480","1,452","1,786"
"2019/06/26","856.0","864.0","850.0","860.0","+4.0","1,500","1,285","800","2,200","2.75","-","-","866.60","886.40","891.72","888.43","897.79","1,920","1,652","1,765"
"2019/06/25","863.0","868.0","856.0","856.0","-7.0","1,300","1,120","800","2,200","2.75","-","-","872.40","886.36","892.27","888.50","897.59","1,780","1,628","1,800"
"2019/06/24","870.0","871.0","858.0","863.0","-11.0","2,200","1,898","800","2,200","2.75","-","-","878.00","886.84","892.87","888.61","897.37","2,320","1,620","1,785"
"2019/06/21","880.0","880.0","870.0","874.0","-6.0","1,600","1,398","800","2,200","2.75","-","-","881.40","887.60","893.36","888.92","897.11","2,280","1,560","1,765"
"2019/06/20","888.0","892.0","865.0","880.0","-9.0","3,000","2,650","800","2,200","2.75","-","-","884.20","887.44","893.95","888.84","896.79","2,160","1,580","1,784"
"2019/05/31","888.0","888.0","877.0","877.0","-11.0","700","619","800","2,200","2.75","-","-","893.00","870.08","891.92","885.11","892.84","1,680","2,424","2,193"
"2019/05/29","885.0","900.0","876.0","900.0","0.0","600","536","800","2,200","2.75","-","-","896.80","870.40","891.45","882.66","892.44","2,100","2,576","2,190"
"2018/08/15","838.0","839.0","838.0","838.0","+8.0","700","587","1,200","3,300","2.75","-","-","841.80","851.64","977.68","1,014.21","892.16","3,320","1,944","7,052"
"2018/08/14","842.0","842.0","830.0","830.0","0.0","3,900","3,248","1,200","3,300","2.75","-","-","841.60","852.88","982.20","1,014.05","891.54","3,280","1,948","7,682"
"2016/04/04","575.0","575.0","553.0","557.0","-13.0","800","450","800","2,200","2.75","-","-","568.20","587.04","590.59","591.71","611.44","3,100","1,464","2,238"
"2018/10/09","800.0","800.0","782.0","784.0","-20.0","3,700","2,920","1,000","2,800","2.80","-","-","797.60","812.60","845.92","894.92","905.48","8,920","4,368","2,848"
"2016/09/29","559.0","559.0","547.0","547.0","+7.0","15,300","8,550","700","2,000","2.86","-","-","544.00","542.48","542.55","545.42","565.31","6,520","1,704","1,382"
"2019/05/28","873.0","900.0","873.0","900.0","0.0","300","265","800","2,300","2.88","-","-","888.60","871.00","891.01","881.97","892.21","2,160","2,572","2,188"
"2019/05/27","892.0","900.0","890.0","900.0","+8.0","1,700","1,517","800","2,300","2.88","-","-","882.20","871.52","890.51","881.95","892.02","2,320","2,572","2,202"
"2018/09/07","816.0","816.0","812.0","812.0","-4.0","500","408","1,300","3,800","2.92","-","-","821.40","826.84","903.48","974.60","899.84","1,140","1,592","3,250"
"2018/09/06","819.0","819.0","811.0","816.0","-3.0","3,100","2,518","1,300","3,800","2.92","-","-","825.60","827.48","906.53","979.50","899.36","1,340","1,596","3,364"
"2018/09/05","825.0","825.0","819.0","819.0","0.0","900","741","1,300","3,800","2.92","-","-","827.80","828.04","909.65","984.14","898.88","720","1,608","3,520"
"2018/09/04","-","-","-","-","-","0","-","1,300","3,800","2.92","-","-","829.40","828.72","913.04","988.85","898.46","680","1,620","3,617"
"2018/09/03","834.0","834.0","830.0","830.0","-3.0","1,200","1,000","1,300","3,800","2.92","-","-","828.60","828.96","916.32","993.43","897.95","880","1,736","3,746"
"2018/08/31","829.0","838.0","829.0","833.0","0.0","1,500","1,252","1,300","3,800","2.92","-","-","827.40","829.76","919.39","998.47","897.40","700","1,800","3,890"
"2018/08/30","-","-","-","-","-","0","-","1,300","3,800","2.92","-","-","825.00","830.56","922.36","1,003.04","896.86","540","1,784","4,362"
"2018/08/29","827.0","828.0","827.0","827.0","+1.0","700","579","1,300","3,800","2.92","-","-","821.80","832.00","926.08","1,006.05","896.36","680","1,784","4,997"
"2018/08/28","830.0","835.0","826.0","826.0","+2.0","1,000","830","1,300","3,800","2.92","-","-","818.80","833.44","930.93","1,009.53","895.91","960","1,788","5,137"
"2018/08/27","826.0","826.0","823.0","824.0","+3.0","300","247","1,300","3,800","2.92","-","-","815.40","834.56","935.77","1,011.47","895.45","1,140","1,944","5,389"
"2019/05/24","880.0","892.0","865.0","892.0","0.0","1,500","1,321","800","2,400","3.00","-","-","878.60","871.52","889.81","881.82","891.84","2,120","2,512","2,213"
"2019/05/23","859.0","901.0","845.0","892.0","+33.0","6,400","5,621","800","2,400","3.00","-","-","874.20","871.16","889.47","882.12","891.65","2,240","2,492","2,228"
"2019/05/22","874.0","874.0","859.0","859.0","-9.0","900","785","800","2,400","3.00","-","-","866.80","871.72","889.11","882.74","891.52","1,320","2,308","2,170"
"2019/05/21","852.0","879.0","852.0","868.0","-14.0","1,100","948","800","2,400","3.00","-","-","865.00","874.12","889.21","883.80","891.54","2,020","2,392","2,182"
"2019/05/20","893.0","893.0","874.0","882.0","+12.0","700","617","800","2,400","3.00","-","-","863.60","876.20","889.20","884.93","891.51","3,400","2,460","2,196"
"2019/05/17","859.0","870.0","840.0","870.0","+15.0","2,100","1,791","800","2,400","3.00","-","-","862.20","877.88","889.36","885.90","891.42","3,720","2,448","2,236"
"2018/06/01","1,040.0","1,041.0","1,024.0","1,031.0","+2.0","9,700","10,041","1,400","4,200","3.00","-","-","1,039.80","1,124.24","1,007.60","952.02","832.00","13,060","19,644","141,734"
"2018/03/30","870.0","874.0","841.0","861.0","-8.0","26,600","23,090","200","600","3.00","-","-","848.40","813.28","789.15","776.76","728.77","11,740","7,016","5,254"
"2018/05/30","1,035.0","1,040.0","925.0","1,027.0","-22.0","29,600","29,819","3,600","11,100","3.08","-","-","1,044.60","1,140.92","1,001.15","946.60","828.49","14,320","25,120","141,821"
"2018/10/17","791.0","880.0","786.0","850.0","+67.0","38,000","32,217","1,000","3,100","3.10","-","-","800.60","807.24","832.32","879.42","907.00","11,500","7,092","3,612"
"2016/01/15","599.0","599.0","599.0","599.0","0.0","400","240","1,400","4,400","3.14","-","-","599.80","597.32","595.29","598.60","646.76","2,820","4,312","2,969"
"2016/01/14","592.0","599.0","590.0","599.0","-2.0","4,500","2,660","1,400","4,400","3.14","-","-","600.60","597.04","595.19","599.06","647.49","3,000","4,360","2,982"
"2016/01/13","597.0","601.0","597.0","601.0","+5.0","900","538","1,400","4,400","3.14","-","-","601.20","596.68","595.08","599.55","648.20","2,280","4,236","2,960"
"2016/01/12","605.0","605.0","595.0","596.0","-8.0","6,300","3,775","1,400","4,400","3.14","-","-","601.80","596.44","594.89","600.04","648.95","2,780","4,360","2,981"
"2016/01/08","603.0","605.0","599.0","604.0","+1.0","2,000","1,207","1,400","4,400","3.14","-","-","603.20","596.16","595.01","600.53","649.69","1,940","4,164","2,900"
"2018/08/08","850.0","850.0","837.0","837.0","-3.0","500","422","1,000","3,200","3.20","-","-","834.20","855.68","1,003.39","1,012.76","888.81","1,640","1,604","11,429"
"2018/08/07","836.0","840.0","836.0","840.0","+4.0","1,500","1,259","1,000","3,200","3.20","-","-","834.00","857.40","1,009.59","1,012.51","888.17","1,780","1,724","13,833"
"2018/08/06","848.0","848.0","832.0","836.0","+8.0","2,200","1,846","1,000","3,200","3.20","-","-","833.20","858.80","1,017.05","1,012.21","887.48","2,060","2,124","17,974"
"2018/08/03","840.0","840.0","828.0","828.0","-2.0","600","503","1,000","3,200","3.20","-","-","836.00","862.88","1,023.85","1,011.92","886.80","2,180","2,152","21,257"
"2018/07/27","858.0","858.0","853.0","853.0","0.0","1,100","942","1,100","3,600","3.27","-","-","859.80","888.08","1,054.71","1,009.95","883.32","1,440","2,348","66,744"
"2016/04/21","562.0","569.0","562.0","569.0","+6.0","400","226","700","2,300","3.29","-","-","568.00","574.48","585.19","587.35","604.75","540","1,488","1,285"
"2016/04/19","565.0","576.0","563.0","567.0","+1.0","900","512","700","2,300","3.29","-","-","571.60","576.24","586.13","587.87","605.80","340","1,468","1,344"
"2016/04/18","576.0","576.0","566.0","566.0","0.0","200","114","700","2,300","3.29","-","-","571.20","577.36","586.60","588.20","606.33","460","1,604","1,346"
"2016/04/15","-","-","-","-","-","0","-","700","2,300","3.29","-","-","570.80","578.24","587.04","588.54","606.87","1,520","1,608","1,370"
"2016/04/14","575.0","575.0","575.0","575.0","0.0","200","115","700","2,300","3.29","-","-","567.40","578.64","587.20","588.75","607.35","1,720","1,608","1,565"
"2016/04/13","569.0","575.0","569.0","575.0","+10.0","400","228","700","2,300","3.29","-","-","564.40","579.04","587.33","589.00","607.83","1,780","1,604","1,632"
"2016/04/12","565.0","565.0","564.0","565.0","+1.0","1,500","847","700","2,300","3.29","-","-","562.00","579.72","587.53","589.19","608.28","1,720","1,604","1,741"
"2016/04/08","552.0","558.0","552.0","558.0","-2.0","1,000","555","700","2,300","3.29","-","-","560.20","582.08","588.36","590.00","609.22","620","1,424","1,769"
"2018/10/05","800.0","809.0","791.0","804.0","+4.0","8,700","6,957","1,000","3,300","3.30","-","-","800.60","814.32","848.85","898.14","905.31","9,260","4,220","2,881"
"2018/09/27","815.0","815.0","802.0","802.0","-13.0","6,100","4,956","1,000","3,300","3.30","-","-","815.20","819.08","867.48","922.33","903.97","5,280","2,012","2,322"
"2018/09/26","817.0","820.0","815.0","815.0","-2.0","9,200","7,515","1,000","3,300","3.30","-","-","819.20","819.36","870.76","926.34","903.76","4,340","1,844","2,280"
"2018/08/09","850.0","877.0","841.0","859.0","+22.0","3,900","3,338","1,000","3,300","3.30","-","-","840.00","855.64","997.37","1,013.25","889.56","1,740","1,692","10,366"
"2018/08/02","837.0","838.0","826.0","830.0","-6.0","3,400","2,839","1,000","3,300","3.30","-","-","841.00","867.04","1,030.17","1,011.69","886.16","2,280","2,300","23,113"
"2014/08/08","550.0","568.0","550.0","568.0","+18.0","1,100","618","600","2,000","3.33","-","-","558.20","562.56","554.39","-","-","920","972","1,030"
"2018/10/02","799.0","805.0","797.0","800.0","+1.0","18,500","14,798","1,000","3,400","3.40","-","-","803.00","817.24","857.76","909.89","904.63","10,720","3,404","2,745"
"2018/10/01","799.0","800.0","793.0","799.0","0.0","5,400","4,309","1,000","3,400","3.40","-","-","806.40","818.08","860.92","913.74","904.40","8,420","2,692","2,509"
"2018/09/28","802.0","809.0","799.0","799.0","-3.0","14,400","11,545","1,000","3,400","3.40","-","-","810.60","818.56","864.16","917.93","904.20","8,040","2,504","2,482"
"2018/09/20","830.0","830.0","821.0","822.0","0.0","600","496","1,000","3,400","3.40","-","-","818.40","819.36","879.61","938.10","902.88","1,400","1,232","2,274"
"2016/04/20","558.0","565.0","558.0","563.0","-4.0","1,200","673","700","2,400","3.43","-","-","569.20","575.12","585.64","587.59","605.24","500","1,488","1,308"
"2016/04/11","564.0","576.0","564.0","564.0","+6.0","5,500","3,132","700","2,400","3.43","-","-","561.60","581.04","587.93","589.50","608.75","1,560","1,588","1,780"
"2018/07/24","851.0","855.0","848.0","854.0","-12.0","4,900","4,167","1,100","3,800","3.45","-","-","861.80","906.32","1,068.23","1,007.99","880.81","1,500","2,796","139,822"
"2018/08/10","874.0","874.0","850.0","852.0","-7.0","5,800","5,015","1,000","3,500","3.50","-","-","844.80","855.72","991.80","1,013.66","890.29","2,780","1,816","9,761"
"2018/08/01","854.0","854.0","836.0","836.0","0.0","1,200","1,008","1,000","3,500","3.50","-","-","847.60","871.28","1,036.17","1,011.39","885.50","1,600","2,304","25,826"
"2018/07/31","849.0","854.0","830.0","836.0","-14.0","2,900","2,443","1,000","3,600","3.60","-","-","853.00","876.16","1,042.23","1,011.03","884.78","1,520","2,372","35,093"
"2018/07/30","853.0","853.0","850.0","850.0","-3.0","2,800","2,383","1,000","3,600","3.60","-","-","856.60","882.56","1,048.25","1,010.67","884.07","1,920","2,360","41,006"
"2018/06/27","958.0","970.0","936.0","936.0","-22.0","3,500","3,343","1,000","3,600","3.60","-","-","978.80","1,025.08","1,059.91","994.35","863.10","2,740","6,196","141,434"
"2016/09/13","-","-","-","-","-","0","-","500","1,800","3.60","-","-","549.00","538.56","543.99","547.08","567.64","300","460","957"
"2016/09/12","550.0","550.0","550.0","550.0","0.0","400","220","500","1,800","3.60","-","-","548.80","538.16","544.09","547.24","567.89","420","468","962"
"2016/09/09","550.0","550.0","550.0","550.0","+4.0","200","110","500","1,800","3.60","-","-","546.80","538.00","544.12","547.49","568.12","340","468","977"
"2016/09/06","546.0","549.0","546.0","549.0","0.0","600","328","500","1,800","3.60","-","-","540.20","536.96","544.32","548.19","568.85","240","588","1,001"
"2018/07/26","-","-","-","-","-","0","-","1,100","4,000","3.64","-","-","861.80","894.60","1,060.53","1,009.23","882.56","1,300","2,392","101,724"
"2018/07/25","850.0","863.0","850.0","863.0","+9.0","800","681","1,100","4,000","3.64","-","-","861.80","900.24","1,064.07","1,008.60","881.73","1,300","2,640","106,736"
"2018/09/19","820.0","822.0","819.0","822.0","+4.0","1,400","1,150","1,000","3,700","3.70","-","-","816.00","820.00","882.61","941.65","902.59","1,280","1,236","2,292"
"2018/09/21","828.0","830.0","820.0","820.0","-2.0","3,500","2,898","1,000","3,800","3.80","-","-","819.40","819.36","876.77","934.24","903.19","2,020","1,280","2,132"
"2018/09/18","815.0","824.0","815.0","818.0","+3.0","1,500","1,228","1,000","3,800","3.80","-","-","813.60","820.32","885.47","945.16","902.31","1,480","1,336","2,308"
"2018/09/14","815.0","817.0","813.0","815.0","0.0","3,100","2,530","1,000","3,800","3.80","-","-","814.60","820.80","888.31","949.05","901.99","1,660","1,368","2,417"
"2018/09/13","809.0","815.0","809.0","815.0","0.0","400","325","1,000","3,800","3.80","-","-","814.00","822.28","891.16","953.60","901.64","1,140","1,476","2,485"
"2018/09/12","-","-","-","-","-","0","-","1,000","3,800","3.80","-","-","814.20","824.04","893.99","958.55","901.25","1,680","1,616","2,874"
"2018/09/11","812.0","815.0","804.0","810.0","-13.0","2,400","1,947","1,000","3,800","3.80","-","-","816.00","825.12","897.17","963.47","900.81","1,860","1,636","3,026"
"2018/09/10","812.0","825.0","811.0","823.0","+11.0","2,400","1,969","1,000","3,800","3.80","-","-","820.00","826.32","900.55","969.37","900.34","1,380","1,600","3,080"
"2018/07/09","851.0","883.0","851.0","858.0","-15.0","1,600","1,379","1,000","3,800","3.80","-","-","864.20","974.96","1,067.77","1,001.90","871.44","2,160","3,692","141,157"
"2018/07/06","848.0","873.0","848.0","873.0","+23.0","1,300","1,110","1,000","3,800","3.80","-","-","867.60","982.08","1,067.19","1,001.22","870.60","4,140","3,732","141,185"
"2018/07/05","860.0","865.0","850.0","850.0","-10.0","2,700","2,308","1,000","3,800","3.80","-","-","880.60","988.40","1,066.31","1,000.29","869.66","4,460","4,068","141,200"
"2018/07/04","852.0","860.0","851.0","860.0","-20.0","1,700","1,456","1,000","3,800","3.80","-","-","897.00","995.56","1,065.79","999.75","868.77","4,780","4,288","141,236"
"2018/07/03","875.0","912.0","859.0","880.0","+5.0","3,500","3,072","1,000","3,800","3.80","-","-","912.20","1,002.24","1,065.12","998.83","867.82","5,140","5,404","141,554"
"2018/07/02","938.0","940.0","874.0","875.0","-63.0","11,500","10,488","1,000","3,800","3.80","-","-","927.80","1,009.00","1,064.21","997.58","866.78","5,020","5,720","141,541"
"2018/06/29","943.0","968.0","934.0","938.0","+6.0","2,900","2,741","1,000","3,800","3.80","-","-","952.00","1,016.52","1,063.35","996.87","865.74","3,240","5,516","141,441"
"2018/06/28","930.0","944.0","923.0","932.0","-4.0","4,300","3,989","1,000","3,800","3.80","-","-","962.00","1,020.72","1,061.60","995.58","864.40","3,160","6,008","141,445"
"2016/09/16","-","-","-","-","-","0","-","500","1,900","3.80","-","-","548.80","540.20","543.63","546.53","566.94","420","408","958"
"2016/09/15","-","-","-","-","-","0","-","500","1,900","3.80","-","-","549.20","539.64","543.73","546.74","567.17","460","408","960"
"2016/09/14","550.0","550.0","540.0","548.0","0.0","1,700","923","500","1,900","3.80","-","-","548.80","539.08","543.84","546.89","567.38","500","476","974"
"2016/09/08","549.0","549.0","546.0","546.0","-3.0","200","110","500","1,900","3.80","-","-","544.80","537.72","544.13","547.74","568.37","340","476","992"
"2016/09/07","549.0","550.0","543.0","549.0","0.0","700","383","500","1,900","3.80","-","-","543.00","537.36","544.28","548.03","568.61","380","492","1,009"
"2016/09/05","-","-","-","-","-","0","-","500","1,900","3.80","-","-","537.40","536.68","544.36","548.34","569.17","240","604","994"
"2016/09/02","539.0","540.0","539.0","540.0","+3.0","200","108","500","1,900","3.80","-","-","536.40","536.76","544.52","548.52","569.53","680","608","1,000"
"2016/01/07","602.0","603.0","598.0","603.0","+1.0","1,300","781","1,400","5,400","3.86","-","-","602.40","595.68","595.09","601.19","650.39","2,320","4,152","2,890"
"2016/01/06","604.0","605.0","601.0","602.0","-2.0","900","543","1,400","5,400","3.86","-","-","602.20","595.04","595.16","601.81","651.27","2,280","4,252","2,874"
"2018/07/23","864.0","866.0","864.0","866.0","+3.0","400","346","1,000","3,900","3.90","-","-","863.60","913.16","1,070.44","1,007.40","879.93","860","2,744","140,206"
"2018/07/20","862.0","864.0","862.0","863.0","0.0","400","345","1,000","3,900","3.90","-","-","865.80","919.80","1,070.49","1,006.78","878.99","840","2,884","140,294"
"2018/07/19","-","-","-","-","-","0","-","1,000","3,900","3.90","-","-","872.40","926.76","1,070.59","1,006.26","878.04","1,160","2,900","140,333"
"2018/07/18","863.0","872.0","862.0","863.0","0.0","1,800","1,555","1,000","3,900","3.90","-","-","872.80","933.92","1,070.56","1,005.68","877.10","1,860","3,036","140,688"
"2018/07/17","886.0","900.0","863.0","863.0","-14.0","1,700","1,494","1,000","3,900","3.90","-","-","874.00","941.32","1,070.64","1,005.20","876.13","1,660","3,060","140,861"
"2018/07/13","890.0","890.0","877.0","877.0","-19.0","300","266","1,000","3,900","3.90","-","-","873.00","948.72","1,070.45","1,004.75","875.21","1,640","3,108","140,956"
"2018/07/12","865.0","896.0","865.0","896.0","+31.0","2,000","1,756","1,000","3,900","3.90","-","-","872.20","955.32","1,069.83","1,004.14","874.25","1,840","3,176","141,009"
"2018/07/11","860.0","891.0","853.0","865.0","-4.0","3,500","3,038","1,000","3,900","3.90","-","-","863.00","961.12","1,068.99","1,003.32","873.21","1,980","3,220","141,038"
"2018/07/10","870.0","877.0","869.0","869.0","+11.0","800","699","1,000","3,900","3.90","-","-","862.00","967.84","1,068.40","1,002.67","872.31","1,620","3,648","141,089"
"2020/03/06","821.0","840.0","812.0","822.0","+16.0","3,700","3,038","100","400","4.00","-","-","806.80","861.76","883.63","868.37","863.80","1,820","1,608","2,125"
"2018/06/26","980.0","980.0","958.0","958.0","-38.0","2,900","2,819","1,000","4,000","4.00","-","-","992.40","1,029.64","1,058.09","993.00","861.78","3,280","6,648","141,448"
"2018/06/25","992.0","1,027.0","991.0","996.0","+8.0","2,600","2,607","1,000","4,000","4.00","-","-","1,003.80","1,034.24","1,055.99","991.43","860.33","3,640","6,860","141,441"
"2018/06/22","1,010.0","1,010.0","988.0","988.0","-28.0","2,500","2,492","1,000","4,000","4.00","-","-","1,009.60","1,037.44","1,053.37","989.48","858.72","3,840","7,144","141,517"
"2018/06/21","1,008.0","1,029.0","1,008.0","1,016.0","+12.0","2,200","2,224","1,000","4,000","4.00","-","-","1,018.40","1,040.32","1,050.57","987.42","857.14","4,120","7,524","141,556"
"2016/01/05","605.0","605.0","600.0","604.0","+1.0","3,400","2,042","1,400","5,600","4.00","-","-","601.60","594.36","595.24","602.50","651.65","2,500","4,300","2,868"
"2014/10/03","581.0","581.0","575.0","580.0","+12.0","600","347","500","2,000","4.00","-","-","574.80","567.88","562.39","556.72","-","1,280","1,828","1,376"
"2014/08/19","550.0","560.0","550.0","560.0","+10.0","2,000","1,117","500","2,000","4.00","-","-","551.80","558.44","553.35","556.63","-","600","792","1,097"
"2014/08/18","550.0","550.0","550.0","550.0","-3.0","200","110","500","2,000","4.00","-","-","549.40","558.52","553.35","556.83","-","340","720","1,073"
"2014/08/15","558.0","558.0","553.0","553.0","0.0","800","444","500","2,000","4.00","-","-","548.40","558.80","553.48","557.22","-","740","788","1,077"
"2014/08/14","-","-","-","-","-","0","-","500","2,000","4.00","-","-","551.40","559.08","553.71","557.49","-","800","852","1,068"
"2014/08/13","-","-","-","-","-","0","-","500","2,000","4.00","-","-","551.80","559.84","553.87","-","-","960","920","1,068"
"2014/08/12","555.0","555.0","543.0","548.0","+3.0","700","384","500","2,000","4.00","-","-","553.20","560.80","554.03","-","-","1,140","964","1,068"
"2014/08/07","554.0","554.0","550.0","550.0","-5.0","800","441","500","2,000","4.00","-","-","557.20","562.80","554.28","-","-","960","936","1,016"
"2014/08/06","555.0","555.0","555.0","555.0","-3.0","900","500","500","2,000","4.00","-","-","560.00","563.76","554.41","-","-","860","1,224","1,005"
"2014/08/05","560.0","560.0","558.0","558.0","-2.0","1,500","839","500","2,000","4.00","-","-","561.80","564.52","554.48","-","-","800","1,456","993"
"2014/08/04","563.0","563.0","560.0","560.0","-3.0","300","168","500","2,000","4.00","-","-","563.80","564.48","554.51","-","-","680","1,440","981"
"2014/08/01","564.0","564.0","561.0","563.0","-1.0","1,300","733","500","2,000","4.00","-","-","565.20","564.20","554.51","-","-","760","1,496","985"
"2018/09/25","820.0","820.0","816.0","817.0","-3.0","7,000","5,735","1,000","4,100","4.10","-","-","819.80","819.24","873.79","930.13","903.48","2,800","1,560","2,184"
"2018/06/20","1,004.0","1,010.0","960.0","1,004.0","-11.0","6,200","6,157","1,000","4,200","4.20","-","-","1,022.60","1,041.92","1,047.44","985.16","855.42","3,840","8,912","141,554"
"2018/06/11","1,043.0","1,052.0","1,041.0","1,048.0","+6.0","2,900","3,029","1,000","4,200","4.20","-","-","1,042.20","1,086.88","1,026.49","968.25","842.93","4,820","12,932","141,688"
"2018/06/08","1,039.0","1,042.0","1,037.0","1,042.0","+1.0","2,000","2,076","1,000","4,200","4.20","-","-","1,039.80","1,093.08","1,023.43","965.57","841.09","4,760","13,372","141,672"
"2018/06/07","1,035.0","1,046.0","1,035.0","1,041.0","+8.0","3,100","3,225","1,000","4,200","4.20","-","-","1,037.60","1,099.16","1,020.41","962.90","839.24","6,300","14,472","141,701"
"2018/06/06","1,077.0","1,077.0","1,016.0","1,033.0","-14.0","14,200","14,997","1,000","4,200","4.20","-","-","1,035.20","1,106.64","1,017.39","960.17","837.40","7,320","15,300","141,738"
"2016/09/21","543.0","543.0","540.0","540.0","-3.0","800","434","500","2,100","4.20","-","-","545.40","540.80","543.27","546.16","566.48","640","464","976"
"2016/09/20","547.0","547.0","538.0","543.0","0.0","700","380","500","2,100","4.20","-","-","547.40","540.56","543.47","546.35","566.70","480","436","965"
"2015/05/18","662.0","672.0","656.0","666.0","+3.0","9,200","6,086","9,600","41,200","4.29","-","-","707.20","733.20","700.65","676.76","626.01","16,800","7,260","14,197"
"2018/06/19","1,021.0","1,030.0","1,013.0","1,015.0","-10.0","4,700","4,798","1,000","4,300","4.30","-","-","1,030.20","1,046.00","1,044.72","983.02","853.77","3,280","10,568","141,510"
"2018/06/18","1,030.0","1,035.0","1,025.0","1,025.0","-7.0","3,600","3,699","1,000","4,300","4.30","-","-","1,036.80","1,053.04","1,041.88","980.82","852.04","2,820","10,828","141,501"
"2018/06/15","1,032.0","1,034.0","1,031.0","1,032.0","-5.0","3,900","4,027","1,000","4,300","4.30","-","-","1,041.40","1,059.60","1,038.81","978.43","850.28","2,680","11,480","141,638"
"2018/06/14","1,038.0","1,038.0","1,037.0","1,037.0","-5.0","800","830","1,000","4,300","4.30","-","-","1,043.40","1,066.28","1,035.77","975.99","848.46","2,300","11,568","141,669"
"2018/06/13","1,042.0","1,047.0","1,039.0","1,042.0","-6.0","3,400","3,538","1,000","4,300","4.30","-","-","1,044.20","1,072.20","1,032.76","973.46","846.62","2,760","12,016","141,705"
"2018/06/12","1,047.0","1,048.0","1,045.0","1,048.0","0.0","2,400","2,510","1,000","4,300","4.30","-","-","1,042.40","1,079.24","1,029.60","970.85","844.80","4,920","12,204","141,709"
"2018/06/05","1,036.0","1,047.0","1,033.0","1,047.0","+11.0","1,900","1,975","1,000","4,300","4.30","-","-","1,034.00","1,113.56","1,014.28","957.52","835.64","10,400","15,564","141,590"
"2018/06/04","1,041.0","1,042.0","1,030.0","1,036.0","+5.0","2,600","2,694","1,000","4,300","4.30","-","-","1,034.40","1,118.76","1,010.88","954.76","833.78","12,300","17,408","141,666"
"2015/05/20","667.0","668.0","657.0","665.0","-2.0","4,700","3,112","9,500","41,100","4.33","-","-","675.00","726.92","702.41","678.00","627.08","16,260","7,388","14,248"
"2019/07/25","862.0","878.0","859.0","863.0","-3.0","1,400","1,219","500","2,200","4.40","-","-","867.20","866.32","878.68","887.27","902.33","520","1,232","1,729"
"2019/07/24","859.0","866.0","859.0","866.0","-4.0","200","173","500","2,200","4.40","-","-","868.80","867.36","879.56","887.67","902.10","420","1,208","1,746"
"2019/07/23","861.0","870.0","861.0","870.0","+3.0","500","433","500","2,200","4.40","-","-","868.80","868.08","880.39","888.08","901.87","420","1,360","1,773"
"2019/07/22","857.0","867.0","857.0","867.0","-3.0","400","345","500","2,200","4.40","-","-","868.00","868.48","881.25","888.66","901.63","400","1,420","1,784"
"2019/07/19","870.0","870.0","870.0","870.0","-1.0","100","87","500","2,200","4.40","-","-","867.00","869.32","881.92","889.32","901.41","500","1,444","1,782"
"2019/07/18","866.0","871.0","863.0","871.0","+5.0","900","781","500","2,200","4.40","-","-","867.80","870.40","882.45","889.27","901.15","580","1,448","1,786"
"2019/05/30","900.0","900.0","870.0","888.0","-12.0","5,100","4,457","500","2,200","4.40","-","-","896.00","869.60","891.67","883.62","892.63","1,840","2,720","2,233"
"2014/07/24","557.0","557.0","557.0","557.0","0.0","200","111","500","2,200","4.40","-","-","561.20","562.32","554.55","-","-","660","1,596","980"
"2014/07/23","555.0","557.0","555.0","557.0","-4.0","800","444","500","2,200","4.40","-","-","561.20","562.28","554.73","-","-","940","1,616","981"
"2015/05/19","671.0","671.0","663.0","667.0","+1.0","4,500","2,999","9,500","42,000","4.42","-","-","691.00","730.08","701.55","677.42","626.54","16,260","7,300","14,224"
"2015/05/25","662.0","666.0","662.0","666.0","+4.0","2,000","1,329","9,100","40,900","4.49","-","-","664.00","718.20","704.96","679.65","628.58","4,540","7,484","14,202"
"2015/05/22","655.0","662.0","655.0","662.0","+2.0","4,900","3,230","9,100","40,900","4.49","-","-","664.00","720.88","704.08","679.08","628.09","5,980","7,688","14,317"
"2015/05/21","665.0","665.0","655.0","660.0","-5.0","6,600","4,357","9,100","40,900","4.49","-","-","664.20","723.68","703.25","678.53","627.60","14,340","7,564","14,281"
"2018/10/04","800.0","815.0","798.0","800.0","0.0","13,300","10,654","1,000","4,500","4.50","-","-","799.60","815.24","851.67","902.01","905.06","10,400","3,900","2,828"
"2015/07/13","656.0","662.0","656.0","661.0","+5.0","400","264","8,600","38,700","4.50","-","-","661.60","669.52","701.99","701.90","649.10","2,800","2,940","4,953"
"2015/07/10","657.0","660.0","655.0","656.0","-9.0","1,400","920","8,600","39,100","4.55","-","-","661.40","670.52","703.17","701.96","648.60","3,320","2,992","5,133"
"2015/05/26","668.0","675.0","668.0","675.0","+9.0","4,900","3,296","8,900","41,100","4.62","-","-","665.60","715.96","705.97","680.30","629.12","4,620","7,508","14,173"
"2015/07/07","665.0","669.0","665.0","666.0","+6.0","1,000","667","8,600","39,800","4.63","-","-","671.60","674.32","706.63","702.44","647.19","3,480","2,656","5,332"
"2015/07/09","652.0","665.0","635.0","665.0","+5.0","6,400","4,131","8,600","40,000","4.65","-","-","664.20","671.92","704.47","702.16","648.14","3,320","2,952","5,200"
"2015/07/03","677.0","677.0","670.0","670.0","-10.0","1,400","942","8,600","40,100","4.66","-","-","673.80","677.44","708.88","701.76","646.22","3,860","2,604","6,046"
"2015/07/02","682.0","687.0","680.0","680.0","-2.0","7,300","4,980","8,600","40,100","4.66","-","-","674.80","678.48","709.85","701.08","645.72","3,860","2,668","7,570"
"2015/07/08","666.0","666.0","652.0","660.0","-6.0","4,800","3,160","8,600","40,300","4.69","-","-","667.20","673.24","705.55","702.41","647.64","3,500","2,748","5,233"
"2015/07/06","665.0","665.0","658.0","660.0","-10.0","3,000","1,984","8,500","39,900","4.69","-","-","672.20","675.64","707.75","702.13","646.72","4,100","2,672","5,700"
"2015/06/11","685.0","685.0","684.0","685.0","-1.0","1,700","1,164","8,500","39,900","4.69","-","-","685.80","693.28","713.24","690.51","637.32","1,240","6,296","11,592"
"2015/07/01","671.0","682.0","671.0","682.0","+13.0","4,700","3,177","8,600","40,500","4.71","-","-","673.20","679.28","711.17","700.27","645.17","2,680","2,628","10,636"
"2015/06/19","659.0","670.0","659.0","665.0","+6.0","1,100","731","8,500","40,000","4.71","-","-","661.80","678.32","711.72","694.41","640.61","3,740","3,820","11,065"
"2015/06/05","691.0","691.0","691.0","691.0","-7.0","400","276","8,500","40,000","4.71","-","-","696.00","701.76","712.44","687.33","634.57","1,380","7,036","11,913"
"2015/06/12","680.0","687.0","661.0","677.0","-8.0","4,600","3,105","8,500","40,100","4.72","-","-","683.00","690.60","713.09","691.28","637.94","2,080","6,340","11,605"
"2015/06/24","672.0","675.0","671.0","675.0","+5.0","1,100","740","8,600","40,800","4.74","-","-","668.00","679.04","711.51","696.57","642.34","2,440","3,364","10,881"
"2015/06/04","690.0","701.0","689.0","698.0","+11.0","1,300","906","8,500","40,400","4.75","-","-","697.00","704.12","712.24","686.47","633.96","1,900","7,512","12,138"
"2014/11/07","576.0","585.0","576.0","585.0","+5.0","300","174","400","1,900","4.75","-","-","584.60","576.00","566.56","565.45","-","1,340","928","1,134"
"2014/11/06","590.0","590.0","580.0","580.0","-10.0","1,300","761","400","1,900","4.75","-","-","581.60","575.88","566.33","565.10","-","1,380","956","1,136"
"2014/11/05","585.0","590.0","585.0","590.0","+5.0","200","118","400","1,900","4.75","-","-","580.00","575.52","566.11","564.78","-","1,380","992","1,138"
"2014/11/04","589.0","594.0","585.0","585.0","+2.0","3,500","2,066","400","1,900","4.75","-","-","576.00","574.84","565.67","564.33","-","1,480","1,028","1,157"
"2014/10/31","571.0","584.0","571.0","583.0","+13.0","1,400","816","400","1,900","4.75","-","-","573.60","574.24","565.40","563.88","-","960","948","1,114"
"2014/10/30","570.0","570.0","570.0","570.0","-2.0","500","285","400","1,900","4.75","-","-","573.20","573.92","565.12","563.40","-","740","1,184","1,098"
"2014/10/28","569.0","574.0","569.0","570.0","-3.0","700","400","400","1,900","4.75","-","-","576.80","574.20","564.79","562.79","-","520","1,252","1,132"
"2014/10/27","571.0","573.0","571.0","573.0","-8.0","900","514","400","1,900","4.75","-","-","577.80","574.40","564.75","562.54","-","380","1,408","1,145"
"2014/10/24","579.0","581.0","579.0","581.0","0.0","300","174","400","1,900","4.75","-","-","578.20","573.96","564.73","562.19","-","400","1,376","1,148"
"2015/06/16","670.0","670.0","663.0","663.0","0.0","1,800","1,202","8,400","40,000","4.76","-","-","674.80","683.88","712.44","692.54","639.02","2,660","6,020","11,585"
"2015/05/15","712.0","712.0","650.0","663.0","-51.0","46,700","31,326","8,700","41,400","4.76","-","-","723.20","736.48","699.77","676.15","625.52","16,340","7,156","14,145"
"2015/06/30","671.0","672.0","661.0","669.0","+1.0","4,100","2,719","8,600","41,000","4.77","-","-","671.80","679.88","711.13","699.45","644.59","1,960","2,976","10,656"
"2015/06/29","671.0","671.0","664.0","668.0","-7.0","1,800","1,199","8,600","41,000","4.77","-","-","672.00","680.12","711.28","698.75","644.06","1,800","3,008","10,764"
"2015/06/26","668.0","675.0","668.0","675.0","+3.0","1,400","942","8,600","41,000","4.77","-","-","672.60","680.04","711.39","698.07","643.53","1,960","3,016","10,816"
"2015/06/23","674.0","674.0","661.0","670.0","-1.0","3,300","2,197","8,600","41,000","4.77","-","-","664.80","678.64","711.56","695.82","641.74","3,700","3,508","10,924"
"2015/06/17","660.0","668.0","658.0","659.0","-4.0","7,400","4,884","8,400","40,100","4.77","-","-","669.40","680.44","712.21","693.13","639.54","3,960","6,128","11,404"
"2015/06/08","695.0","695.0","686.0","686.0","-5.0","1,700","1,172","8,400","40,100","4.77","-","-","692.20","699.24","712.69","688.15","635.28","1,460","6,968","11,853"
"2015/06/22","670.0","673.0","661.0","671.0","+6.0","2,600","1,736","8,600","41,100","4.78","-","-","663.40","678.52","711.60","695.12","641.16","3,400","3,556","11,013"
"2015/06/03","695.0","695.0","687.0","687.0","-12.0","2,500","1,729","8,400","40,400","4.81","-","-","697.40","706.08","712.13","685.59","633.22","2,900","7,532","13,038"
"2015/06/25","672.0","672.0","671.0","672.0","-3.0","1,400","941","8,600","41,600","4.84","-","-","670.60","679.52","711.45","697.32","642.93","1,900","3,156","10,857"
"2015/06/15","670.0","676.0","663.0","663.0","-14.0","4,300","2,870","8,300","40,200","4.84","-","-","678.40","687.28","712.80","691.91","638.50","2,600","6,236","11,630"
"2015/06/18","669.0","679.0","658.0","659.0","0.0","4,100","2,736","8,300","40,700","4.90","-","-","664.20","678.24","711.87","693.72","640.06","4,440","5,644","11,397"
"2018/10/03","798.0","800.0","798.0","800.0","0.0","400","319","1,000","5,000","5.00","-","-","800.00","816.28","854.67","905.90","904.86","8,960","3,408","2,698"
"2016/10/20","-","-","-","-","-","0","-","400","2,000","5.00","-","-","539.20","542.80","541.61","543.77","561.61","660","1,788","1,165"
"2016/10/19","539.0","539.0","539.0","539.0","0.0","200","108","400","2,000","5.00","-","-","539.40","543.24","541.72","543.90","561.85","700","1,804","1,182"
"2016/10/18","539.0","539.0","539.0","539.0","0.0","200","108","400","2,000","5.00","-","-","540.00","543.68","541.68","544.02","562.08","720","1,804","1,196"
"2016/10/17","541.0","541.0","539.0","539.0","-1.0","1,100","595","400","2,000","5.00","-","-","540.80","543.96","541.64","544.20","562.34","860","1,804","1,218"
"2016/10/14","536.0","540.0","536.0","540.0","0.0","1,800","967","400","2,000","5.00","-","-","541.40","544.36","541.52","544.33","562.62","680","1,788","1,277"
"2016/10/13","541.0","541.0","540.0","540.0","-2.0","200","108","400","2,000","5.00","-","-","542.60","544.72","541.16","544.45","562.90","380","1,740","1,384"
"2016/10/12","543.0","543.0","542.0","542.0","-1.0","300","163","400","2,000","5.00","-","-","543.00","544.72","541.36","544.57","563.21","360","1,732","1,382"
"2016/10/11","547.0","547.0","543.0","543.0","+1.0","900","492","400","2,000","5.00","-","-","542.80","544.64","541.45","544.72","563.52","320","1,728","1,397"
"2016/10/07","546.0","546.0","542.0","542.0","-4.0","200","109","400","2,000","5.00","-","-","542.20","544.40","541.53","544.88","563.91","440","1,708","1,394"
"2016/10/06","545.0","546.0","544.0","546.0","+4.0","300","164","400","2,000","5.00","-","-","542.00","544.12","541.72","545.05","564.12","800","1,700","1,393"
"2016/09/28","531.0","547.0","531.0","540.0","-1.0","15,600","8,386","400","2,000","5.00","-","-","542.60","541.80","542.61","545.52","565.53","3,620","1,100","1,193"
"2016/09/26","546.0","546.0","546.0","546.0","0.0","300","164","400","2,000","5.00","-","-","544.60","541.36","542.92","545.86","566.04","460","484","985"
"2016/09/23","541.0","546.0","541.0","546.0","+6.0","500","272","400","2,000","5.00","-","-","545.00","541.20","543.09","546.01","566.27","400","476","981"
"2016/09/01","537.0","537.0","537.0","537.0","0.0","400","215","400","2,000","5.00","-","-","535.00","536.68","544.75","548.72","569.87","780","620","1,000"
"2016/08/31","-","-","-","-","-","0","-","400","2,000","5.00","-","-","534.20","536.72","545.04","548.98","570.19","700","756","997"
"2015/06/10","681.0","686.0","681.0","686.0","+5.0","900","616","8,500","42,500","5.00","-","-","688.40","695.36","713.12","689.73","636.63","1,160","6,544","11,685"
"2014/10/23","-","-","-","-","-","0","-","400","2,000","5.00","-","-","574.40","573.16","564.64","561.86","-","380","1,372","1,164"
"2014/10/22","580.0","580.0","580.0","580.0","0.0","700","406","400","2,000","5.00","-","-","570.80","572.40","564.41","561.54","-","560","1,380","1,185"
"2014/10/21","-","-","-","-","-","0","-","400","2,000","5.00","-","-","569.00","571.76","564.33","561.24","-","540","1,352","1,178"
"2014/10/20","563.0","575.0","560.0","575.0","+13.0","1,000","566","400","2,000","5.00","-","-","570.20","571.32","564.32","560.89","-","740","1,368","1,285"
"2014/10/17","562.0","562.0","562.0","562.0","0.0","200","112","400","2,000","5.00","-","-","568.80","571.16","564.31","560.59","-","620","1,328","1,361"
"2014/10/16","561.0","577.0","561.0","562.0","-9.0","900","509","400","2,000","5.00","-","-","571.00","571.52","564.24","560.32","-","920","1,356","1,373"
"2014/10/15","562.0","571.0","561.0","571.0","-10.0","600","340","400","2,000","5.00","-","-","572.80","571.48","564.12","559.95","-","760","1,368","1,384"
"2014/10/14","565.0","581.0","560.0","581.0","+13.0","1,000","572","400","2,000","5.00","-","-","574.60","571.40","563.96","559.54","-","960","1,548","1,380"
"2014/10/10","571.0","571.0","568.0","568.0","-5.0","400","228","400","2,000","5.00","-","-","575.40","571.00","563.60","558.92","-","1,260","1,560","1,390"
"2014/10/08","571.0","571.0","571.0","571.0","-9.0","100","57","400","2,000","5.00","-","-","576.80","570.52","563.23","557.96","-","1,260","1,868","1,394"
"2014/10/07","586.0","586.0","580.0","580.0","-5.0","1,600","931","400","2,000","5.00","-","-","579.00","570.12","563.09","557.52","-","1,440","1,964","1,409"
"2014/10/02","580.0","580.0","568.0","568.0","-14.0","1,500","866","400","2,000","5.00","-","-","572.80","566.88","562.13","556.47","-","1,460","1,832","1,390"
"2014/10/01","578.0","582.0","575.0","582.0","+11.0","1,000","580","400","2,000","5.00","-","-","574.20","566.36","561.93","556.41","-","2,620","1,784","1,374"
"2014/09/17","561.0","561.0","561.0","561.0","0.0","200","112","400","2,000","5.00","-","-","564.20","559.44","558.27","555.38","-","160","1,104","1,202"
"2014/09/16","569.0","569.0","561.0","561.0","0.0","200","113","400","2,000","5.00","-","-","566.20","558.92","558.09","555.37","-","300","1,124","1,200"
"2014/09/12","-","-","-","-","-","0","-","400","2,000","5.00","-","-","566.20","558.28","557.92","555.36","-","500","1,204","1,202"
"2014/09/10","-","-","-","-","-","0","-","400","2,000","5.00","-","-","568.60","557.88","557.41","555.28","-","1,700","1,264","1,201"
"2014/09/09","570.0","571.0","570.0","571.0","+10.0","900","514","400","2,000","5.00","-","-","567.60","557.24","557.07","555.17","-","3,120","1,300","1,213"
"2014/09/08","563.0","564.0","561.0","561.0","-8.0","1,200","674","400","2,000","5.00","-","-","566.00","556.72","556.59","555.06","-","3,480","1,324","1,232"
"2014/09/05","571.0","571.0","569.0","569.0","-2.0","5,100","2,907","400","2,000","5.00","-","-","566.00","556.68","556.11","555.05","-","3,740","1,288","1,217"
"2014/08/29","554.0","555.0","554.0","555.0","+1.0","200","111","400","2,000","5.00","-","-","555.80","556.52","553.32","554.87","-","560","692","998"
"2014/08/28","553.0","554.0","552.0","554.0","-1.0","500","276","400","2,000","5.00","-","-","555.80","556.88","552.88","555.13","-","520","696","1,097"
"2014/08/27","555.0","560.0","555.0","555.0","0.0","700","391","400","2,000","5.00","-","-","556.00","557.00","553.00","555.30","-","440","684","1,092"
"2014/08/26","558.0","558.0","555.0","555.0","-5.0","300","167","400","2,000","5.00","-","-","556.00","557.08","553.00","555.51","-","320","688","1,100"
"2014/08/25","558.0","560.0","558.0","560.0","0.0","1,100","616","400","2,000","5.00","-","-","557.00","557.32","553.09","555.82","-","660","692","1,097"
"2014/08/22","-","-","-","-","-","0","-","400","2,000","5.00","-","-","555.00","557.64","553.07","556.08","-","480","664","1,084"
"2014/08/21","555.0","555.0","555.0","555.0","0.0","100","56","400","2,000","5.00","-","-","554.60","557.96","553.11","556.28","-","640","724","1,097"
"2014/08/20","555.0","555.0","555.0","555.0","-5.0","100","56","400","2,000","5.00","-","-","553.20","558.04","553.28","556.48","-","620","784","1,098"
"2015/06/09","686.0","686.0","681.0","681.0","-5.0","1,500","1,025","8,400","42,500","5.06","-","-","688.60","697.00","712.95","688.92","635.94","1,480","6,716","11,737"
"2015/06/01","696.0","705.0","696.0","705.0","+9.0","1,300","908","7,900","40,300","5.10","-","-","694.60","710.08","710.96","683.84","631.85","5,780","7,860","13,632"
"2015/06/02","705.0","705.0","699.0","699.0","-6.0","1,400","981","7,900","40,400","5.11","-","-","699.40","708.40","711.81","684.68","632.56","5,080","7,592","13,441"
"2015/05/28","697.0","702.0","695.0","700.0","+3.0","6,300","4,400","7,900","41,000","5.19","-","-","680.00","713.08","708.61","682.08","630.46","6,300","7,840","14,041"
"2015/05/27","680.0","698.0","675.0","697.0","+22.0","13,400","9,104","7,900","41,100","5.20","-","-","672.00","714.72","707.27","681.18","629.78","6,360","7,876","14,086"
"2015/05/29","700.0","703.0","696.0","696.0","-4.0","3,000","2,098","7,900","41,300","5.23","-","-","686.80","711.32","709.87","682.94","631.13","5,920","7,928","13,885"
"2016/10/05","542.0","542.0","542.0","542.0","+1.0","100","54","400","2,100","5.25","-","-","542.20","543.68","541.77","545.18","564.32","3,800","1,712","1,393"
"2016/10/04","541.0","541.0","541.0","541.0","+1.0","100","54","400","2,100","5.25","-","-","541.80","543.40","541.89","545.20","564.55","6,900","1,796","1,402"
"2016/09/30","547.0","547.0","533.0","541.0","-6.0","2,000","1,081","400","2,100","5.25","-","-","543.00","542.80","542.35","545.32","565.06","6,820","1,760","1,392"
"2014/10/09","573.0","573.0","571.0","573.0","+2.0","1,700","973","400","2,100","5.25","-","-","577.80","570.92","563.43","558.44","-","1,300","1,828","1,410"
"2014/09/30","573.0","580.0","569.0","571.0","-2.0","2,200","1,262","400","2,100","5.25","-","-","572.60","565.48","561.51","556.17","-","2,640","1,788","1,368"
"2014/09/04","571.0","573.0","570.0","571.0","+5.0","1,300","743","400","2,100","5.25","-","-","563.20","556.44","555.59","554.92","-","2,760","1,136","1,153"
"2017/03/15","635.0","645.0","631.0","633.0","0.0","3,100","1,987","500","2,700","5.40","-","-","631.00","620.36","576.92","563.60","553.81","2,980","7,628","4,685"
"2014/07/22","571.0","571.0","561.0","561.0","-7.0","400","225","500","2,700","5.40","-","-","562.80","562.44","554.99","-","-","840","1,652","973"
"2014/07/18","563.0","573.0","563.0","568.0","+5.0","400","228","500","2,700","5.40","-","-","563.00","562.12","555.32","-","-","800","1,648","968"
"2014/07/17","557.0","575.0","556.0","563.0","+6.0","1,500","844","500","2,700","5.40","-","-","560.80","561.40","555.56","-","-","1,100","1,652","993"
"2018/10/24","954.0","954.0","899.0","899.0","-70.0","31,500","28,698","1,800","9,900","5.50","-","-","919.00","828.12","834.88","873.26","911.29","42,520","15,264","6,149"
"2014/09/29","575.0","575.0","573.0","573.0","+3.0","1,100","632","400","2,200","5.50","-","-","573.40","564.84","561.20","556.04","-","2,680","1,700","1,354"
"2014/09/26","575.0","575.0","570.0","570.0","-5.0","1,500","860","400","2,200","5.50","-","-","573.80","564.12","560.83","555.99","-","3,380","1,660","1,341"
"2014/09/25","570.0","575.0","570.0","575.0","+1.0","7,300","4,193","400","2,200","5.50","-","-","572.20","563.52","560.43","555.89","-","3,100","1,604","1,338"
"2014/09/24","575.0","575.0","570.0","574.0","-1.0","1,100","630","400","2,200","5.50","-","-","569.40","562.92","559.89","555.74","-","1,680","1,392","1,280"
"2014/07/25","557.0","564.0","557.0","564.0","+7.0","300","169","400","2,200","5.50","-","-","561.40","562.64","554.32","-","-","420","1,572","973"
"2015/07/15","675.0","679.0","675.0","679.0","+5.0","400","271","6,500","37,900","5.83","-","-","667.00","668.96","700.12","702.08","650.25","2,500","3,016","4,777"
"2015/07/14","660.0","674.0","660.0","674.0","+13.0","3,900","2,605","6,500","38,500","5.92","-","-","663.20","669.24","701.04","702.02","649.67","3,380","3,036","4,860"
"2016/07/14","548.0","548.0","548.0","548.0","+2.0","200","110","200","1,200","6.00","-","-","546.80","547.60","556.04","564.40","579.07","940","1,760","1,542"
"2016/07/13","547.0","547.0","546.0","546.0","0.0","2,200","1,202","200","1,200","6.00","-","-","547.40","547.76","556.65","564.77","579.26","900","1,780","1,545"
"2014/09/22","574.0","575.0","574.0","575.0","0.0","2,400","1,380","400","2,400","6.00","-","-","566.80","561.96","559.39","555.60","-","1,500","1,356","1,269"
"2014/09/19","566.0","580.0","566.0","575.0","+13.0","4,600","2,642","400","2,400","6.00","-","-","564.60","561.08","558.99","555.55","-","1,020","1,292","1,246"
"2018/10/26","908.0","910.0","819.0","868.0","-34.0","11,900","10,198","1,200","7,400","6.17","-","-","927.60","833.32","835.40","870.29","912.53","41,860","16,324","6,502"
"2016/09/27","541.0","543.0","541.0","541.0","-5.0","900","487","400","2,500","6.25","-","-","543.20","541.60","542.77","545.67","565.80","640","488","994"
"2016/08/26","533.0","533.0","533.0","533.0","0.0","700","373","300","1,900","6.33","-","-","532.80","536.96","545.80","549.83","571.09","360","688","1,104"
"2016/08/25","-","-","-","-","-","0","-","300","1,900","6.33","-","-","533.20","537.36","545.96","550.10","571.37","380","688","1,113"
"2016/08/24","533.0","533.0","532.0","533.0","+3.0","600","320","300","1,900","6.33","-","-","535.00","537.64","546.16","550.54","571.66","400","688","1,148"
"2016/07/20","-","-","-","-","-","0","-","200","1,300","6.50","-","-","543.40","545.92","554.35","563.17","578.34","800","1,708","1,508"
"2016/07/19","548.0","548.0","536.0","540.0","-3.0","1,400","758","200","1,300","6.50","-","-","544.60","546.60","554.84","563.64","578.57","980","1,728","1,509"
"2016/07/15","548.0","548.0","543.0","543.0","-5.0","200","109","200","1,300","6.50","-","-","546.40","547.24","555.33","564.05","578.83","960","1,724","1,508"
"2014/09/18","562.0","562.0","562.0","562.0","+1.0","100","56","300","2,000","6.67","-","-","562.40","560.00","558.59","555.40","-","180","1,108","1,189"
"2014/09/11","573.0","573.0","563.0","564.0","0.0","400","226","300","2,000","6.67","-","-","567.20","558.44","557.73","555.32","-","1,520","1,248","1,205"
"2016/10/03","541.0","541.0","540.0","540.0","-1.0","1,500","811","400","2,700","6.75","-","-","541.80","543.08","542.12","545.24","564.79","7,060","1,820","1,405"
"2015/03/17","767.0","767.0","740.0","745.0","+2.0","29,000","21,668","1,600","11,000","6.88","-","-","725.20","685.28","631.92","619.74","590.03","80,060","26,468","12,352"
"2015/07/17","679.0","679.0","671.0","671.0","-8.0","300","202","5,400","37,800","7.00","-","-","672.80","668.48","698.80","701.94","651.25","1,400","2,856","4,588"
"2015/07/16","679.0","680.0","674.0","679.0","0.0","2,000","1,352","5,400","37,800","7.00","-","-","669.80","668.72","699.57","702.11","650.77","1,620","3,028","4,672"
"2018/10/25","899.0","985.0","894.0","902.0","+3.0","17,500","16,231","1,200","8,700","7.25","-","-","929.40","831.48","835.27","871.97","912.00","42,020","15,904","6,365"
"2016/07/29","542.0","542.0","542.0","542.0","+4.0","100","54","200","1,500","7.50","-","-","539.20","542.08","552.23","559.69","576.36","920","1,808","1,372"
"2016/07/28","535.0","538.0","535.0","538.0","0.0","500","268","200","1,500","7.50","-","-","537.40","542.60","552.44","560.17","576.63","1,080","1,808","1,384"
"2015/07/22","679.0","679.0","670.0","670.0","-1.0","200","135","4,900","37,800","7.71","-","-","674.00","669.08","697.40","701.60","652.21","1,260","2,756","4,542"
"2015/07/21","681.0","681.0","665.0","671.0","0.0","3,400","2,284","4,800","37,800","7.88","-","-","674.80","668.80","698.08","701.80","651.74","2,000","2,820","4,584"
"2014/11/10","593.0","607.0","593.0","597.0","+12.0","8,000","4,788","400","3,400","8.50","-","-","587.40","577.16","567.04","565.89","-","2,660","1,188","1,236"
"2015/07/23","675.0","676.0","672.0","672.0","+2.0","1,500","1,012","4,400","37,800","8.59","-","-","672.60","669.60","696.75","701.56","652.72","1,480","2,520","4,532"
"2015/03/16","750.0","778.0","735.0","743.0","-36.0","115,700","87,249","1,600","14,100","8.81","-","-","711.40","680.40","629.87","617.91","588.93","75,400","26,120","11,972"
"2015/07/31","674.0","674.0","674.0","674.0","0.0","2,000","1,348","4,100","37,200","9.07","-","-","668.60","669.64","690.95","701.00","655.49","1,480","2,344","4,354"
"2015/08/03","674.0","674.0","671.0","671.0","-3.0","500","336","4,000","37,100","9.28","-","-","668.80","669.48","690.13","700.91","655.95","1,340","2,308","4,337"
"2015/07/30","661.0","674.0","661.0","674.0","+6.0","1,400","939","4,000","37,300","9.33","-","-","667.80","669.56","691.84","701.02","655.05","1,440","2,320","4,357"
"2015/07/24","671.0","675.0","670.0","670.0","-2.0","1,800","1,208","4,000","37,300","9.33","-","-","670.80","670.04","695.88","701.41","653.21","1,440","2,428","4,524"
"2015/07/29","667.0","668.0","667.0","668.0","+11.0","400","267","4,000","37,400","9.35","-","-","667.40","669.60","692.77","701.07","654.58","1,460","2,308","4,372"
"2015/07/27","670.0","670.0","665.0","670.0","0.0","1,200","803","4,000","37,800","9.45","-","-","670.60","670.24","695.01","701.35","653.70","1,620","2,432","4,469"
"2016/07/27","540.0","540.0","520.0","538.0","-1.0","3,800","2,016","200","1,900","9.50","-","-","538.40","543.04","552.73","560.67","576.94","1,120","1,844","1,384"
"2016/07/26","539.0","539.0","539.0","539.0","0.0","100","54","200","1,900","9.50","-","-","538.80","543.48","553.07","561.24","577.28","360","1,720","1,334"
"2016/07/25","539.0","539.0","539.0","539.0","+6.0","100","54","200","1,900","9.50","-","-","539.00","544.16","553.39","561.80","577.57","620","1,720","1,342"
"2016/07/22","540.0","540.0","520.0","533.0","-10.0","900","476","200","1,900","9.50","-","-","539.80","544.60","553.63","562.29","577.84","640","1,728","1,352"
"2016/07/21","546.0","546.0","543.0","543.0","0.0","700","382","200","1,900","9.50","-","-","542.80","545.32","554.12","562.78","578.16","500","1,724","1,433"
"2015/07/28","660.0","660.0","650.0","657.0","-13.0","2,400","1,566","3,900","37,600","9.64","-","-","667.80","669.68","693.80","701.12","654.08","1,420","2,424","4,413"
"2016/10/21","541.0","541.0","540.0","541.0","0.0","1,100","595","200","2,000","10.00","-","-","539.40","542.44","541.51","543.60","561.32","520","1,832","1,164"
"2016/08/30","535.0","535.0","535.0","535.0","0.0","600","321","200","2,000","10.00","-","-","533.80","536.88","545.36","549.26","570.49","820","760","997"
"2016/05/12","545.0","547.0","540.0","544.0","-1.0","2,500","1,357","100","1,000","10.00","-","-","549.00","560.88","579.08","583.45","598.54","1,780","1,496","1,252"
"2016/05/11","548.0","548.0","545.0","545.0","-3.0","1,400","765","100","1,000","10.00","-","-","551.20","561.92","579.53","583.90","599.19","1,480","1,676","1,240"
"2016/05/10","550.0","550.0","543.0","548.0","-3.0","2,600","1,427","100","1,000","10.00","-","-","554.20","562.52","580.09","584.34","599.77","1,640","1,872","1,236"
"2014/09/03","569.0","572.0","566.0","566.0","+3.0","7,100","4,045","200","2,000","10.00","-","-","559.80","556.16","554.89","554.76","-","2,600","1,096","1,138"
"2014/09/02","561.0","567.0","561.0","563.0","+2.0","2,700","1,519","200","2,000","10.00","-","-","557.60","556.08","554.28","554.70","-","1,320","836","1,048"
"2014/09/01","560.0","561.0","556.0","561.0","+6.0","2,500","1,396","200","2,000","10.00","-","-","556.00","556.28","553.77","554.67","-","840","764","1,018"
"2016/10/24","541.0","541.0","536.0","539.0","-2.0","7,500","4,022","200","2,200","11.00","-","-","539.40","542.08","541.29","543.40","561.01","1,800","2,064","1,130"
"2016/10/26","523.0","523.0","518.0","520.0","-2.0","2,400","1,250","300","3,400","11.33","-","-","532.20","539.92","540.44","542.70","560.20","9,380","3,596","1,617"
"2015/03/18","743.0","759.0","736.0","750.0","+5.0","28,600","21,290","1,100","13,000","11.82","-","-","739.20","689.88","633.99","621.62","591.11","83,340","26,984","12,712"
"2016/10/27","520.0","523.0","520.0","521.0","+1.0","1,800","939","300","3,600","12.00","-","-","528.60","539.04","540.04","542.36","559.79","9,740","3,640","1,641"
"2015/08/05","666.0","675.0","666.0","675.0","+5.0","600","404","3,000","37,100","12.37","-","-","672.80","669.80","688.55","700.80","656.95","1,140","2,144","4,209"
"2016/11/10","513.0","526.0","513.0","520.0","+1.0","2,600","1,352","200","2,500","12.50","-","-","521.00","531.44","537.27","539.28","556.36","3,200","3,328","1,937"
"2015/08/04","670.0","670.0","670.0","670.0","-1.0","1,200","804","2,900","37,100","12.79","-","-","671.40","669.56","689.29","700.85","656.44","1,100","2,284","4,258"
"2014/07/15","560.0","565.0","560.0","565.0","+3.0","300","169","200","2,700","13.50","-","-","562.20","560.32","555.96","-","-","1,300","1,580","956"
"2014/07/14","562.0","562.0","562.0","562.0","+5.0","200","112","200","2,700","13.50","-","-","563.60","559.32","556.03","-","-","1,460","1,620","953"
"2016/11/07","527.0","532.0","522.0","522.0","0.0","1,600","846","400","5,700","14.25","-","-","522.00","533.88","538.09","540.38","557.42","2,040","2,916","1,780"
"2016/11/04","520.0","522.0","520.0","522.0","0.0","500","261","400","5,800","14.50","-","-","521.80","534.88","538.37","540.68","557.80","2,740","3,464","1,761"
"2015/05/14","733.0","740.0","714.0","714.0","-31.0","16,200","11,711","2,700","44,100","16.33","-","-","739.40","739.36","698.88","675.72","625.02","7,700","5,500","13,570"
"2016/10/25","499.0","524.0","499.0","522.0","-17.0","35,900","18,162","200","3,400","17.00","-","-","536.00","541.04","540.85","543.06","560.62","8,940","3,500","1,600"
"2016/05/17","559.0","559.0","559.0","559.0","0.0","200","112","100","1,900","19.00","-","-","553.20","560.64","577.97","582.31","596.78","2,480","1,772","1,332"
"2016/05/16","-","-","-","-","-","0","-","100","1,900","19.00","-","-","551.00","560.80","578.43","582.94","597.34","2,960","1,768","1,333"
"2016/05/13","564.0","564.0","549.0","559.0","+15.0","8,300","4,670","100","1,900","19.00","-","-","549.40","560.96","578.83","583.18","597.94","3,380","1,796","1,350"
"2016/10/28","522.0","523.0","521.0","521.0","0.0","5,100","2,660","300","5,800","19.33","-","-","524.60","538.28","539.72","542.02","559.38","10,540","3,812","1,708"
"2015/03/19","741.0","760.0","740.0","741.0","-9.0","12,200","9,087","700","13,600","19.43","-","-","751.60","693.00","635.92","623.28","592.09","84,540","26,164","12,866"
"2016/10/31","521.0","530.0","521.0","522.0","+1.0","5,500","2,886","300","5,900","19.67","-","-","521.20","537.32","539.36","541.65","558.98","10,140","4,012","1,764"
"2016/11/02","522.0","522.0","521.0","522.0","0.0","1,200","626","300","6,000","20.00","-","-","521.60","535.60","538.72","540.98","558.20","3,000","4,068","1,757"
"2016/11/01","522.0","523.0","522.0","522.0","0.0","1,400","731","300","6,000","20.00","-","-","521.20","536.36","539.04","541.28","558.57","3,240","4,056","1,770"
"2016/08/29","550.0","550.0","535.0","535.0","+2.0","2,200","1,195","100","2,000","20.00","-","-","532.80","537.04","545.68","549.48","570.80","740","740","1,100"
"2014/08/11","555.0","555.0","545.0","545.0","-23.0","2,200","1,212","100","2,000","20.00","-","-","555.20","561.84","554.19","-","-","1,300","996","1,058"
"2014/07/31","564.0","564.0","564.0","564.0","0.0","300","169","100","2,000","20.00","-","-","565.40","564.04","554.41","-","-","560","1,456","978"
"2014/07/30","569.0","569.0","564.0","564.0","-4.0","600","340","100","2,000","20.00","-","-","564.00","563.64","554.29","-","-","540","1,516","984"
"2014/07/29","571.0","571.0","568.0","568.0","+1.0","900","512","100","2,000","20.00","-","-","562.60","563.28","554.24","-","-","580","1,568","976"
"2014/07/28","567.0","569.0","564.0","567.0","+3.0","700","397","100","2,000","20.00","-","-","561.20","562.88","554.13","-","-","480","1,552","982"
"2017/05/31","649.0","649.0","640.0","644.0","-5.0","2,100","1,354","100","2,100","21.00","-","-","637.40","608.20","609.81","600.77","568.32","4,640","3,724","4,694"
"2017/05/30","642.0","650.0","642.0","649.0","0.0","3,700","2,390","100","2,100","21.00","-","-","633.40","605.44","609.03","599.92","567.82","4,480","3,696","4,698"
"2017/05/29","630.0","667.0","626.0","649.0","+24.0","11,600","7,469","100","2,100","21.00","-","-","628.40","602.64","608.15","598.97","567.26","4,360","3,552","4,664"
"2017/08/29","672.0","672.0","671.0","672.0","0.0","700","470","100","2,200","22.00","-","-","672.20","675.68","661.37","642.24","608.95","1,140","1,908","2,994"
"2017/08/28","675.0","675.0","666.0","672.0","-3.0","2,300","1,537","100","2,200","22.00","-","-","671.20","675.96","660.68","641.40","608.20","1,080","1,932","3,272"
"2017/08/25","675.0","675.0","675.0","675.0","+7.0","700","473","100","2,200","22.00","-","-","670.80","676.24","659.68","640.78","607.45","1,540","1,872","3,258"
"2017/08/24","669.0","669.0","668.0","668.0","-6.0","1,200","803","100","2,200","22.00","-","-","671.40","676.52","658.64","640.16","606.69","1,680","1,880","3,314"
"2017/08/23","668.0","674.0","668.0","674.0","+7.0","800","537","100","2,200","22.00","-","-","672.60","676.96","657.68","639.64","605.96","1,800","1,912","3,318"
"2017/08/21","669.0","672.0","669.0","670.0","-8.0","4,600","3,080","100","2,200","22.00","-","-","674.80","677.60","655.53","638.59","604.47","3,140","1,968","3,372"
"2017/08/18","674.0","680.0","674.0","678.0","+4.0","1,400","950","100","2,200","22.00","-","-","675.40","677.80","654.35","638.13","603.72","3,660","1,848","3,330"
"2017/08/17","675.0","681.0","674.0","674.0","-5.0","1,800","1,217","100","2,200","22.00","-","-","675.80","677.88","653.03","637.58","602.93","3,980","1,972","3,365"
"2017/08/16","680.0","681.0","676.0","679.0","+6.0","4,300","2,923","100","2,200","22.00","-","-","676.00","677.92","651.75","637.06","602.17","3,660","1,960","3,357"
"2017/08/15","670.0","678.0","669.0","673.0","0.0","3,600","2,419","100","2,300","23.00","-","-","676.20","677.52","650.53","636.56","601.47","3,080","1,808","3,346"
"2015/03/26","738.0","754.0","738.0","748.0","+3.0","6,600","4,917","500","11,600","23.20","-","-","748.40","707.96","645.41","631.81","597.18","9,340","23,740","13,248"
"2015/03/04","680.0","680.0","673.0","673.0","-7.0","10,000","6,792","1,000","23,200","23.20","-","-","678.00","648.60","618.39","608.08","582.28","13,620","13,408","7,030"
"2015/03/02","680.0","685.0","650.0","676.0","-9.0","26,000","17,419","1,000","23,200","23.20","-","-","682.40","642.48","616.11","606.05","581.11","11,840","13,060","6,921"
"2015/03/03","676.0","680.0","675.0","680.0","+4.0","6,500","4,409","1,000","23,400","23.40","-","-","681.40","645.68","617.37","607.03","581.72","12,660","13,108","7,004"
"2017/08/14","665.0","674.0","656.0","673.0","-7.0","7,200","4,786","100","2,400","24.00","-","-","677.60","677.28","649.31","636.23","600.81","2,560","1,836","3,313"
"2015/08/06","676.0","676.0","671.0","671.0","-4.0","1,800","1,216","1,500","37,100","24.73","-","-","672.20","669.36","687.79","700.72","657.47","1,220","2,028","4,177"
"2016/11/30","535.0","535.0","529.0","531.0","-1.0","2,900","1,540","100","2,800","28.00","-","-","530.20","522.20","534.45","536.52","551.68","2,300","4,236","2,258"
"2016/11/28","530.0","535.0","529.0","530.0","+1.0","3,100","1,644","100","2,800","28.00","-","-","527.20","522.88","534.61","536.93","552.30","2,500","4,388","2,214"
"2015/09/08","587.0","590.0","587.0","590.0","-1.0","1,700","999","600","16,900","28.17","-","-","603.40","626.96","658.88","673.71","662.37","2,440","4,952","3,414"
"2016/11/08","521.0","526.0","521.0","522.0","0.0","1,100","576","200","5,700","28.50","-","-","522.00","533.12","537.85","540.04","557.03","1,160","2,880","1,776"
"2016/11/29","534.0","534.0","531.0","532.0","+2.0","1,900","1,013","100","2,900","29.00","-","-","529.80","522.52","534.51","536.76","551.98","2,320","4,420","2,237"
"2014/07/16","570.0","570.0","555.0","557.0","-8.0","1,600","895","100","3,000","30.00","-","-","560.20","560.80","555.72","-","-","1,280","1,640","974"
"2015/02/26","689.0","689.0","667.0","676.0","-14.0","21,000","14,252","1,000","31,600","31.60","-","-","683.00","635.88","613.56","603.88","579.94","8,180","12,136","6,533"
"2015/02/27","676.0","690.0","668.0","685.0","+9.0","4,600","3,137","1,000","31,800","31.80","-","-","684.80","639.28","614.83","605.00","580.52","7,360","12,164","6,592"
"2017/01/26","575.0","575.0","571.0","573.0","+3.0","1,000","574","100","3,300","33.00","-","-","569.80","560.04","539.92","540.79","545.31","1,240","3,312","3,332"
"2017/01/25","579.0","579.0","570.0","570.0","0.0","1,100","631","100","3,300","33.00","-","-","568.80","558.72","539.49","540.39","545.25","1,260","3,448","3,320"
"2017/01/27","580.0","580.0","570.0","573.0","0.0","1,900","1,088","100","3,400","34.00","-","-","570.80","561.40","540.33","541.17","545.33","1,500","3,228","3,356"
"2017/01/24","569.0","570.0","567.0","570.0","+2.0","3,100","1,763","100","3,400","34.00","-","-","568.40","557.52","539.09","540.02","545.28","1,120","3,616","3,325"
"2017/01/23","568.0","568.0","568.0","568.0","0.0","400","227","100","3,400","34.00","-","-","568.00","556.12","538.71","539.65","545.32","1,100","3,660","3,310"
"2017/01/20","564.0","568.0","564.0","568.0","0.0","600","340","100","3,400","34.00","-","-","567.60","554.76","538.43","539.27","545.46","1,280","3,860","3,509"
"2017/01/19","568.0","568.0","568.0","568.0","0.0","1,100","625","100","3,400","34.00","-","-","568.00","553.48","538.05","538.94","545.59","1,500","4,064","3,709"
"2017/01/18","568.0","569.0","568.0","568.0","0.0","400","227","100","3,400","34.00","-","-","568.20","552.16","537.69","538.61","545.72","1,960","4,112","3,706"
"2017/01/17","571.0","571.0","563.0","568.0","+2.0","3,000","1,696","100","3,400","34.00","-","-","569.00","550.84","537.40","538.35","545.85","2,040","4,248","3,705"
"2015/04/02","715.0","735.0","715.0","721.0","0.0","2,300","1,657","200","7,900","39.50","-","-","723.20","716.00","652.91","639.17","601.75","5,160","23,136","13,456"
"2015/04/01","728.0","728.0","720.0","721.0","-4.0","3,300","2,390","200","9,000","45.00","-","-","728.60","714.20","651.37","637.81","600.85","6,020","23,884","13,468"
"2015/02/25","690.0","698.0","684.0","690.0","+5.0","5,200","3,600","1,000","46,200","46.20","-","-","682.40","632.84","612.35","602.82","579.36","4,940","11,392","6,300"
"2015/02/24","689.0","695.0","685.0","685.0","-3.0","2,400","1,652","1,000","46,200","46.20","-","-","676.80","629.24","610.92","601.67","578.71","5,940","11,472","6,249"
"2015/03/31","735.0","735.0","712.0","725.0","-4.0","3,700","2,679","200","10,000","50.00","-","-","733.40","712.96","649.91","636.43","599.92","7,540","23,960","13,450"
"2015/03/30","727.0","730.0","716.0","729.0","+9.0","6,600","4,785","200","10,700","53.50","-","-","738.40","711.36","648.43","634.88","598.97","9,580","23,908","13,416"
"2015/03/27","730.0","739.0","720.0","720.0","-28.0","9,900","7,225","200","11,500","57.50","-","-","743.20","709.72","646.81","633.31","598.05","9,540","23,788","13,356"
"2015/09/11","608.0","608.0","608.0","608.0","0.0","100","61","200","16,800","84.00","-","-","601.00","619.48","655.57","669.95","662.66","2,320","4,920","3,145"
"2015/09/10","607.0","608.0","607.0","608.0","0.0","400","243","200","16,800","84.00","-","-","601.20","621.76","656.80","671.28","662.56","2,660","5,028","3,228"
"2015/09/09","600.0","610.0","592.0","608.0","+18.0","3,900","2,344","200","16,800","84.00","-","-","603.20","624.28","657.99","672.48","662.47","2,600","5,084","3,401"
"2015/09/01","617.0","617.0","600.0","610.0","-7.0","3,500","2,134","200","17,500","87.50","-","-","598.40","640.56","662.92","680.49","662.15","5,280","4,684","3,554"
"2015/02/17","671.0","684.0","666.0","667.0","-9.0","6,200","4,158","500","46,100","92.20","-","-","666.20","614.52","604.01","596.30","575.84","28,140","10,672","5,902"
"2015/02/13","660.0","713.0","637.0","690.0","+27.0","68,800","46,270","500","46,200","92.40","-","-","642.60","609.16","601.57","594.12","574.72","30,440","10,160","5,598"
"2015/02/18","657.0","675.0","657.0","662.0","-5.0","10,200","6,776","500","46,400","92.80","-","-","671.60","616.84","605.09","597.31","576.35","27,040","11,068","6,034"
"2015/02/20","674.0","686.0","674.0","676.0","+3.0","8,700","5,911","500","46,500","93.00","-","-","670.80","622.32","607.84","599.43","577.49","9,440","11,544","6,193"
"2015/02/16","715.0","715.0","673.0","676.0","-14.0","17,300","12,042","500","47,000","94.00","-","-","657.40","612.00","602.85","595.24","575.30","30,960","10,736","5,820"
"2015/02/23","686.0","693.0","680.0","688.0","+12.0","3,600","2,475","500","47,100","94.20","-","-","673.20","625.84","609.39","600.56","578.08","6,700","11,400","6,224"
"2015/02/19","661.0","673.0","650.0","673.0","+11.0","4,800","3,166","500","47,100","94.20","-","-","673.60","619.56","606.43","598.42","576.91","21,460","11,208","6,086"
"2015/03/25","750.0","760.0","742.0","745.0","-5.0","10,900","8,173","100","10,900","109.00","-","-","747.00","704.96","643.61","630.06","596.13","10,460","23,668","13,221"
"2015/09/24","591.0","591.0","585.0","586.0","-5.0","2,000","1,174","100","16,800","168.00","-","-","592.00","605.96","647.49","661.06","662.63","1,780","4,540","3,149"
"2015/09/07","599.0","599.0","590.0","591.0","-18.0","5,500","3,287","100","16,900","169.00","-","-","607.40","630.16","659.89","675.14","662.36","2,800","4,932","3,418"
"2015/09/03","618.0","618.0","618.0","618.0","+9.0","100","62","100","17,300","173.00","-","-","610.20","635.96","661.52","677.87","662.29","2,640","4,740","3,474"
"2015/02/12","655.0","664.0","641.0","663.0","+28.0","32,700","21,377","200","38,800","194.00","-","-","624.40","605.96","600.04","592.86","574.07","18,620","7,484","4,681"
